#! FIELDS time dist coord uwall.bias uwall.force2
 0.000000 0.280287 4.371236 0.000000 0.000000
 0.500000 0.271500 4.549327 0.000000 0.000000
 1.000000 0.283735 4.848596 0.000000 0.000000
 1.500000 0.273081 4.939993 0.000000 0.000000
 2.000000 0.281017 4.125800 0.000000 0.000000
 2.500000 0.269301 4.682665 0.000000 0.000000
 3.000000 0.266730 4.855973 0.000000 0.000000
 3.500000 0.275047 4.296243 0.000000 0.000000
 4.000000 0.278332 4.036951 0.000000 0.000000
 4.500000 0.297216 4.800033 0.000000 0.000000
 5.000000 0.270622 4.269510 0.000000 0.000000
 5.500000 0.270979 3.925906 0.000000 0.000000
 6.000000 0.307442 4.075908 0.000000 0.000000
 6.500000 0.273628 3.834975 0.000000 0.000000
 7.000000 0.279547 3.943990 0.000000 0.000000
 7.500000 0.280476 3.872858 0.000000 0.000000
 8.000000 0.272768 3.948033 0.000000 0.000000
 8.500000 0.265955 4.104220 0.000000 0.000000
 9.000000 0.292456 3.933278 0.000000 0.000000
 9.500000 0.273095 3.893546 0.000000 0.000000
 10.000000 0.278293 4.431892 0.000000 0.000000
 10.500000 0.269157 4.013408 0.000000 0.000000
 11.000001 0.304103 3.970748 0.000000 0.000000
 11.500001 0.280703 4.188238 0.000000 0.000000
 12.000001 0.304782 4.804826 0.000000 0.000000
 12.500001 0.277465 4.966228 0.000000 0.000000
 13.000001 0.285349 5.154777 0.000000 0.000000
 13.500001 0.280796 5.065420 0.000000 0.000000
 14.000001 0.289435 4.194197 0.000000 0.000000
 14.500001 0.280017 4.322573 0.000000 0.000000
 15.000001 0.281522 4.543500 0.000000 0.000000
 15.500001 0.300354 4.450644 0.000000 0.000000
 16.000001 0.266602 3.795250 0.000000 0.000000
 16.500001 0.263384 4.636034 0.000000 0.000000
 17.000001 0.286906 4.968208 0.000000 0.000000
 17.500001 0.272958 4.085227 0.000000 0.000000
 18.000001 0.272884 3.952683 0.000000 0.000000
 18.500001 0.299648 4.096521 0.000000 0.000000
 19.000001 0.299171 4.209990 0.000000 0.000000
 19.500001 0.267176 3.952997 0.000000 0.000000
 20.000001 0.282609 3.865597 0.000000 0.000000
 20.500001 0.303520 4.412742 0.000000 0.000000
 21.000001 0.279709 3.812835 0.000000 0.000000
 21.500001 0.276918 3.943131 0.000000 0.000000
 22.000001 0.286995 4.184379 0.000000 0.000000
 22.500001 0.280055 4.183654 0.000000 0.000000
 23.000001 0.280484 4.229313 0.000000 0.000000
 23.500001 0.270125 4.285790 0.000000 0.000000
 24.000001 0.282059 4.346991 0.000000 0.000000
 24.500001 0.267066 4.510575 0.000000 0.000000
 25.000001 0.271611 4.789161 0.000000 0.000000
 25.500001 0.275703 3.981962 0.000000 0.000000
 26.000001 0.286974 4.075135 0.000000 0.000000
 26.500001 0.275774 4.118148 0.000000 0.000000
 27.000001 0.275809 4.518698 0.000000 0.000000
 27.500001 0.264582 4.847612 0.000000 0.000000
 28.000001 0.273163 4.500957 0.000000 0.000000
 28.500001 0.275484 4.167214 0.000000 0.000000
 29.000001 0.274170 3.934165 0.000000 0.000000
 29.500001 0.285834 3.826454 0.000000 0.000000
 30.000001 0.270803 4.078630 0.000000 0.000000
 30.500001 0.275670 3.300273 0.000000 0.000000
 31.000001 0.279897 4.072740 0.000000 0.000000
 31.500001 0.248323 4.707728 0.000000 0.000000
 32.000002 0.275245 3.941511 0.000000 0.000000
 32.500002 0.397295 4.925137 0.000000 0.000000
 33.000002 0.402268 5.742845 0.000000 0.000000
 33.500002 0.449752 5.702830 0.000000 0.000000
 34.000002 0.452257 5.774729 0.000000 0.000000
 34.500002 0.499994 5.344583 0.000000 0.000000
 35.000002 0.476947 6.056889 0.000000 0.000000
 35.500002 0.441516 5.805469 0.000000 0.000000
 36.000002 0.449944 5.832526 0.000000 0.000000
 36.500002 0.522609 5.724551 0.000000 0.000000
 37.000002 0.600568 5.571952 0.001292 20.670822
 37.500002 0.536908 5.125669 0.000000 0.000000
 38.000002 0.499573 5.033270 0.000000 0.000000
 38.500002 0.620201 5.397807 1.632252 26116.028762
 39.000002 0.519481 6.009159 0.000000 0.000000
 39.500002 0.595423 6.155376 0.000000 0.000000
 40.000002 0.580061 5.838893 0.000000 0.000000
 40.500002 0.586422 5.889145 0.000000 0.000000
 41.000002 0.625394 5.099454 2.579335 41269.363912
 41.500002 0.621915 5.862069 1.921120 30737.924466
 42.000002 0.498796 5.838116 0.000000 0.000000
 42.500002 0.533489 5.697189 0.000000 0.000000
 43.000002 0.585437 5.809042 0.000000 0.000000
 43.500002 0.570616 6.323457 0.000000 0.000000
 44.000002 0.598062 5.358793 0.000000 0.000000
 44.500002 0.588394 5.677919 0.000000 0.000000
 45.000002 0.547741 5.713459 0.000000 0.000000
 45.500002 0.531200 5.779736 0.000000 0.000000
 46.000002 0.520777 4.914428 0.000000 0.000000
 46.500002 0.466080 5.669616 0.000000 0.000000
 47.000002 0.530405 5.887376 0.000000 0.000000
 47.500002 0.612930 5.496248 0.668693 10699.083404
 48.000002 0.568578 6.155495 0.000000 0.000000
 48.500002 0.600479 5.679624 0.000917 14.672845
 49.000002 0.576086 6.068116 0.000000 0.000000
 49.500002 0.597953 6.261410 0.000000 0.000000
 50.000002 0.579365 6.157338 0.000000 0.000000
 50.500002 0.592279 5.763357 0.000000 0.000000
 51.000002 0.617807 5.942532 1.268306 20292.888486
 51.500002 0.628675 6.202717 3.289005 52624.082036
 52.000002 0.605379 5.975608 0.115745 1851.914027
 52.500002 0.508514 5.820432 0.000000 0.000000
 53.000003 0.526782 6.264360 0.000000 0.000000
 53.500003 0.523331 5.815786 0.000000 0.000000
 54.000003 0.521618 6.421706 0.000000 0.000000
 54.500003 0.523713 6.472466 0.000000 0.000000
 55.000003 0.483255 5.854623 0.000000 0.000000
 55.500003 0.533185 5.796416 0.000000 0.000000
 56.000003 0.550495 5.842834 0.000000 0.000000
 56.500003 0.525911 4.805272 0.000000 0.000000
 57.000003 0.600037 5.175839 0.000006 0.089447
 57.500003 0.606350 4.842660 0.161265 2580.240669
 58.000003 0.556831 4.866066 0.000000 0.000000
 58.500003 0.602822 5.045745 0.031855 509.686615
 59.000003 0.622733 5.071332 2.067224 33075.588540
 59.500003 0.540963 5.977650 0.000000 0.000000
 60.000003 0.477183 6.315364 0.000000 0.000000
 60.500003 0.627602 5.993448 3.047374 48757.984829
 61.000003 0.602888 5.775588 0.033363 533.806258
 61.500003 0.620926 5.626438 1.751543 28024.692884
 62.000003 0.634607 6.570683 4.790588 76649.414818
 62.500003 0.529841 5.581777 0.000000 0.000000
 63.000003 0.606222 5.511668 0.154833 2477.331086
 63.500003 0.582696 5.795423 0.000000 0.000000
 64.000003 0.566047 5.843530 0.000000 0.000000
 64.500003 0.533106 5.045801 0.000000 0.000000
 65.000003 0.605807 6.168891 0.134882 2158.115384
 65.500003 0.563061 5.508389 0.000000 0.000000
 66.000003 0.595593 6.190080 0.000000 0.000000
 66.500003 0.586957 6.042000 0.000000 0.000000
 67.000003 0.545542 5.764476 0.000000 0.000000
 67.500003 0.525248 5.043619 0.000000 0.000000
 68.000003 0.502219 4.850941 0.000000 0.000000
 68.500003 0.435745 5.862014 0.000000 0.000000
 69.000003 0.471599 6.205847 0.000000 0.000000
 69.500003 0.531877 5.991914 0.000000 0.000000
 70.000003 0.515908 5.882628 0.000000 0.000000
 70.500003 0.482610 5.640373 0.000000 0.000000
 71.000003 0.504378 5.893016 0.000000 0.000000
 71.500003 0.448926 5.644762 0.000000 0.000000
 72.000003 0.528980 5.741741 0.000000 0.000000
 72.500003 0.567583 5.988508 0.000000 0.000000
 73.000003 0.577475 5.910597 0.000000 0.000000
 73.500003 0.529743 6.004289 0.000000 0.000000
 74.000004 0.512376 5.447609 0.000000 0.000000
 74.500004 0.499599 5.867378 0.000000 0.000000
 75.000004 0.499854 5.461211 0.000000 0.000000
 75.500004 0.456795 4.959014 0.000000 0.000000
 76.000004 0.549775 4.820807 0.000000 0.000000
 76.500004 0.526554 5.058284 0.000000 0.000000
 77.000004 0.506065 5.059554 0.000000 0.000000
 77.500004 0.574335 5.435795 0.000000 0.000000
 78.000004 0.638465 5.156543 5.918102 94689.628231
 78.500004 0.498153 5.227166 0.000000 0.000000
 79.000004 0.536461 5.841769 0.000000 0.000000
 79.500004 0.507359 6.355859 0.000000 0.000000
 80.000004 0.478765 6.561336 0.000000 0.000000
 80.500004 0.507592 5.687258 0.000000 0.000000
 81.000004 0.464580 5.734689 0.000000 0.000000
 81.500004 0.555801 5.875887 0.000000 0.000000
 82.000004 0.478931 5.668993 0.000000 0.000000
 82.500004 0.482029 5.344619 0.000000 0.000000
 83.000004 0.464839 5.267810 0.000000 0.000000
 83.500004 0.611554 5.936343 0.533943 8543.084653
 84.000004 0.516254 5.385992 0.000000 0.000000
 84.500004 0.474114 5.925204 0.000000 0.000000
 85.000004 0.540663 5.529704 0.000000 0.000000
 85.500004 0.587200 6.213654 0.000000 0.000000
 86.000004 0.532981 5.870985 0.000000 0.000000
 86.500004 0.542664 6.253260 0.000000 0.000000
 87.000004 0.518883 5.218719 0.000000 0.000000
 87.500004 0.488077 5.695028 0.000000 0.000000
 88.000004 0.515625 5.815627 0.000000 0.000000
 88.500004 0.431315 5.996245 0.000000 0.000000
 89.000004 0.509765 5.801800 0.000000 0.000000
 89.500004 0.579101 5.866738 0.000000 0.000000
 90.000004 0.535230 5.748962 0.000000 0.000000
 90.500004 0.478696 6.100752 0.000000 0.000000
 91.000004 0.542655 5.819048 0.000000 0.000000
 91.500004 0.499571 5.785899 0.000000 0.000000
 92.000004 0.458084 6.020150 0.000000 0.000000
 92.500004 0.526609 6.256626 0.000000 0.000000
 93.000004 0.452942 5.764670 0.000000 0.000000
 93.500004 0.518377 5.041416 0.000000 0.000000
 94.000004 0.460365 5.258905 0.000000 0.000000
 94.500004 0.500671 5.484619 0.000000 0.000000
 95.000005 0.474044 5.854512 0.000000 0.000000
 95.500005 0.429698 5.756555 0.000000 0.000000
 96.000005 0.547845 5.845246 0.000000 0.000000
 96.500005 0.420901 5.209915 0.000000 0.000000
 97.000005 0.496201 5.957012 0.000000 0.000000
 97.500005 0.392625 5.979798 0.000000 0.000000
 98.000005 0.489790 5.981652 0.000000 0.000000
 98.500005 0.460271 5.658670 0.000000 0.000000
 99.000005 0.470132 5.763530 0.000000 0.000000
 99.500005 0.485260 5.816585 0.000000 0.000000
 100.000005 0.428314 5.944302 0.000000 0.000000
 100.500005 0.421240 6.288199 0.000000 0.000000
 101.000005 0.477592 5.627223 0.000000 0.000000
 101.500005 0.457543 5.841876 0.000000 0.000000
 102.000005 0.520624 5.768922 0.000000 0.000000
 102.500005 0.559778 4.943198 0.000000 0.000000
 103.000005 0.565186 5.621205 0.000000 0.000000
 103.500005 0.585732 5.885676 0.000000 0.000000
 104.000005 0.482588 5.734097 0.000000 0.000000
 104.500005 0.510843 5.677982 0.000000 0.000000
 105.000005 0.498510 5.436189 0.000000 0.000000
 105.500005 0.553234 5.730994 0.000000 0.000000
 106.000005 0.527598 5.807933 0.000000 0.000000
 106.500005 0.487345 5.865586 0.000000 0.000000
 107.000005 0.506750 5.722220 0.000000 0.000000
 107.500005 0.599163 5.104870 0.000000 0.000000
 108.000005 0.508469 5.164764 0.000000 0.000000
 108.500005 0.463417 6.199669 0.000000 0.000000
 109.000005 0.566783 5.424301 0.000000 0.000000
 109.500005 0.582186 5.308753 0.000000 0.000000
 110.000005 0.550171 5.322095 0.000000 0.000000
 110.500005 0.547941 5.710905 0.000000 0.000000
 111.000005 0.552446 6.105520 0.000000 0.000000
 111.500005 0.555294 5.850283 0.000000 0.000000
 112.000005 0.579019 5.845617 0.000000 0.000000
 112.500005 0.559861 5.761583 0.000000 0.000000
 113.000005 0.545742 5.363243 0.000000 0.000000
 113.500005 0.586565 5.279939 0.000000 0.000000
 114.000005 0.634582 5.250272 4.783603 76537.652178
 114.500005 0.537890 5.354675 0.000000 0.000000
 115.000005 0.621525 5.108562 1.853361 29653.782303
 115.500005 0.584961 4.953979 0.000000 0.000000
 116.000006 0.610393 5.812667 0.432066 6913.061808
 116.500006 0.554253 5.176295 0.000000 0.000000
 117.000006 0.564195 5.910661 0.000000 0.000000
 117.500006 0.584937 5.816010 0.000000 0.000000
 118.000006 0.565136 5.070937 0.000000 0.000000
 118.500006 0.530353 4.946558 0.000000 0.000000
 119.000006 0.456556 4.963314 0.000000 0.000000
 119.500006 0.541477 4.973625 0.000000 0.000000
 120.000006 0.436700 5.504047 0.000000 0.000000
 120.500006 0.480044 6.205887 0.000000 0.000000
 121.000006 0.438845 5.771218 0.000000 0.000000
 121.500006 0.446267 5.920069 0.000000 0.000000
 122.000006 0.576642 5.771552 0.000000 0.000000
 122.500006 0.609359 5.330218 0.350359 5605.738446
 123.000006 0.512595 5.775410 0.000000 0.000000
 123.500006 0.583455 5.786784 0.000000 0.000000
 124.000006 0.602135 5.963079 0.018225 291.592230
 124.500006 0.629375 6.032439 3.451626 55226.017345
 125.000006 0.625702 6.039372 2.642274 42276.384597
 125.500006 0.578198 5.767164 0.000000 0.000000
 126.000006 0.591997 5.886485 0.000000 0.000000
 126.500006 0.472449 5.326321 0.000000 0.000000
 127.000006 0.487487 5.944539 0.000000 0.000000
 127.500006 0.497801 5.850195 0.000000 0.000000
 128.000006 0.415370 5.737038 0.000000 0.000000
 128.500006 0.478601 5.891813 0.000000 0.000000
 129.000006 0.460393 5.905064 0.000000 0.000000
 129.500006 0.538374 6.090007 0.000000 0.000000
 130.000006 0.618118 5.792334 1.313002 21008.024642
 130.500006 0.523883 5.754592 0.000000 0.000000
 131.000006 0.509521 6.038072 0.000000 0.000000
 131.500006 0.475285 5.752080 0.000000 0.000000
 132.000006 0.462623 5.796748 0.000000 0.000000
 132.500006 0.605893 5.943593 0.138891 2222.257173
 133.000006 0.539960 6.041066 0.000000 0.000000
 133.500006 0.514653 5.974656 0.000000 0.000000
 134.000006 0.528962 5.883097 0.000000 0.000000
 134.500006 0.489773 5.068671 0.000000 0.000000
 135.000006 0.498177 5.793402 0.000000 0.000000
 135.500006 0.567738 6.059825 0.000000 0.000000
 136.000006 0.526721 5.731709 0.000000 0.000000
 136.500006 0.426076 4.823115 0.000000 0.000000
 137.000007 0.620547 5.981756 1.688768 27020.293191
 137.500007 0.513206 5.572890 0.000000 0.000000
 138.000007 0.538973 5.742921 0.000000 0.000000
 138.500007 0.530909 4.841784 0.000000 0.000000
 139.000007 0.556827 5.320197 0.000000 0.000000
 139.500007 0.609513 5.208221 0.361954 5791.258791
 140.000007 0.498569 4.655947 0.000000 0.000000
 140.500007 0.527909 5.855363 0.000000 0.000000
 141.000007 0.605620 5.336451 0.126345 2021.522964
 141.500007 0.588393 5.227168 0.000000 0.000000
 142.000007 0.482037 5.002370 0.000000 0.000000
 142.500007 0.596819 5.004200 0.000000 0.000000
 143.000007 0.531944 5.742377 0.000000 0.000000
 143.500007 0.610850 6.013884 0.470882 7534.114342
 144.000007 0.553816 6.389088 0.000000 0.000000
 144.500007 0.522510 5.751480 0.000000 0.000000
 145.000007 0.565467 5.885103 0.000000 0.000000
 145.500007 0.610276 5.184920 0.422399 6758.383225
 146.000007 0.542058 5.056136 0.000000 0.000000
 146.500007 0.561078 6.342608 0.000000 0.000000
 147.000007 0.563598 5.599265 0.000000 0.000000
 147.500007 0.538571 5.537600 0.000000 0.000000
 148.000007 0.474963 6.187075 0.000000 0.000000
 148.500007 0.541220 5.932025 0.000000 0.000000
 149.000007 0.616557 5.828180 1.096566 17545.050249
 149.500007 0.561725 6.014255 0.000000 0.000000
 150.000007 0.587832 6.032780 0.000000 0.000000
 150.500007 0.554644 5.644294 0.000000 0.000000
 151.000007 0.464168 4.469618 0.000000 0.000000
 151.500007 0.506883 4.870535 0.000000 0.000000
 152.000007 0.603151 5.183858 0.039726 635.620415
 152.500007 0.494496 6.051917 0.000000 0.000000
 153.000007 0.569263 5.791126 0.000000 0.000000
 153.500007 0.549362 5.995428 0.000000 0.000000
 154.000007 0.587076 6.033016 0.000000 0.000000
 154.500007 0.556140 6.092478 0.000000 0.000000
 155.000007 0.517881 5.037366 0.000000 0.000000
 155.500007 0.507481 5.026788 0.000000 0.000000
 156.000007 0.495926 4.756338 0.000000 0.000000
 156.500007 0.549578 4.989801 0.000000 0.000000
 157.000007 0.560964 5.105329 0.000000 0.000000
 157.500007 0.538144 6.140920 0.000000 0.000000
 158.000008 0.525270 5.341445 0.000000 0.000000
 158.500008 0.466506 5.237927 0.000000 0.000000
 159.000008 0.517832 5.112100 0.000000 0.000000
 159.500008 0.546190 5.514906 0.000000 0.000000
 160.000008 0.622664 4.876866 2.054714 32875.422454
 160.500008 0.586919 4.837655 0.000000 0.000000
 161.000008 0.595498 5.548774 0.000000 0.000000
 161.500008 0.598410 5.187919 0.000000 0.000000
 162.000008 0.574976 5.040705 0.000000 0.000000
 162.500008 0.588829 5.974660 0.000000 0.000000
 163.000008 0.540082 5.289085 0.000000 0.000000
 163.500008 0.558304 5.766957 0.000000 0.000000
 164.000008 0.566976 5.881534 0.000000 0.000000
 164.500008 0.522549 5.637318 0.000000 0.000000
 165.000008 0.465755 5.553183 0.000000 0.000000
 165.500008 0.480947 5.864020 0.000000 0.000000
 166.000008 0.557233 4.751979 0.000000 0.000000
 166.500008 0.520860 5.755765 0.000000 0.000000
 167.000008 0.454502 5.615114 0.000000 0.000000
 167.500008 0.579214 5.004920 0.000000 0.000000
 168.000008 0.589448 4.861835 0.000000 0.000000
 168.500008 0.608331 5.915251 0.277622 4441.954549
 169.000008 0.541415 5.277212 0.000000 0.000000
 169.500008 0.482123 5.020247 0.000000 0.000000
 170.000008 0.520190 4.919543 0.000000 0.000000
 170.500008 0.463958 5.193936 0.000000 0.000000
 171.000008 0.500131 4.765949 0.000000 0.000000
 171.500008 0.553641 5.284499 0.000000 0.000000
 172.000008 0.506800 5.871964 0.000000 0.000000
 172.500008 0.554006 5.811350 0.000000 0.000000
 173.000008 0.506952 6.019027 0.000000 0.000000
 173.500008 0.495387 6.123806 0.000000 0.000000
 174.000008 0.498723 5.933924 0.000000 0.000000
 174.500008 0.472394 5.581282 0.000000 0.000000
 175.000008 0.473200 5.766877 0.000000 0.000000
 175.500008 0.447318 5.106201 0.000000 0.000000
 176.000008 0.482972 5.749128 0.000000 0.000000
 176.500008 0.436830 5.983962 0.000000 0.000000
 177.000008 0.438666 5.837030 0.000000 0.000000
 177.500008 0.602187 6.070802 0.019128 306.041734
 178.000008 0.452887 5.444928 0.000000 0.000000
 178.500008 0.530753 5.702045 0.000000 0.000000
 179.000009 0.541570 5.560803 0.000000 0.000000
 179.500009 0.586816 5.747056 0.000000 0.000000
 180.000009 0.626538 5.674525 2.816994 45071.907612
 180.500009 0.597073 5.899054 0.000000 0.000000
 181.000009 0.544899 5.517072 0.000000 0.000000
 181.500009 0.558062 5.423420 0.000000 0.000000
 182.000009 0.517898 5.719161 0.000000 0.000000
 182.500009 0.485183 6.056684 0.000000 0.000000
 183.000009 0.490853 5.403621 0.000000 0.000000
 183.500009 0.504944 5.669452 0.000000 0.000000
 184.000009 0.466364 5.928527 0.000000 0.000000
 184.500009 0.530567 5.865282 0.000000 0.000000
 185.000009 0.449165 5.676931 0.000000 0.000000
 185.500009 0.513980 5.173662 0.000000 0.000000
 186.000009 0.620760 5.749687 1.723892 27582.265013
 186.500009 0.546964 5.693749 0.000000 0.000000
 187.000009 0.540967 5.288774 0.000000 0.000000
 187.500009 0.535782 5.734075 0.000000 0.000000
 188.000009 0.561146 6.066304 0.000000 0.000000
 188.500009 0.532473 5.848890 0.000000 0.000000
 189.000009 0.562758 6.209582 0.000000 0.000000
 189.500009 0.524650 5.849560 0.000000 0.000000
 190.000009 0.511647 5.834588 0.000000 0.000000
 190.500009 0.535260 6.165084 0.000000 0.000000
 191.000009 0.518482 6.016371 0.000000 0.000000
 191.500009 0.521551 6.109762 0.000000 0.000000
 192.000009 0.449087 5.575327 0.000000 0.000000
 192.500009 0.425805 5.592048 0.000000 0.000000
 193.000009 0.512291 5.575667 0.000000 0.000000
 193.500009 0.514987 5.858386 0.000000 0.000000
 194.000009 0.536146 5.986001 0.000000 0.000000
 194.500009 0.492163 5.743040 0.000000 0.000000
 195.000009 0.526090 5.430170 0.000000 0.000000
 195.500009 0.528015 5.029170 0.000000 0.000000
 196.000009 0.467708 5.151489 0.000000 0.000000
 196.500009 0.521202 5.791370 0.000000 0.000000
 197.000009 0.592037 5.988538 0.000000 0.000000
 197.500009 0.478037 5.529216 0.000000 0.000000
 198.000009 0.492304 5.448933 0.000000 0.000000
 198.500009 0.579483 5.873971 0.000000 0.000000
 199.000009 0.551456 5.679567 0.000000 0.000000
 199.500009 0.598701 5.386802 0.000000 0.000000
 200.000009 0.554869 6.130121 0.000000 0.000000
 200.500010 0.529557 6.309733 0.000000 0.000000
 201.000010 0.652245 6.065384 10.918353 174693.650194
 201.500010 0.558764 5.888895 0.000000 0.000000
 202.000010 0.526844 5.793003 0.000000 0.000000
 202.500010 0.537915 5.782863 0.000000 0.000000
 203.000010 0.538278 5.658463 0.000000 0.000000
 203.500010 0.516889 5.324292 0.000000 0.000000
 204.000010 0.580117 5.374880 0.000000 0.000000
 204.500010 0.543898 6.133351 0.000000 0.000000
 205.000010 0.533319 5.804858 0.000000 0.000000
 205.500010 0.604735 5.322741 0.089682 1434.918533
 206.000010 0.570484 5.824334 0.000000 0.000000
 206.500010 0.612825 5.981347 0.657959 10527.339327
 207.000010 0.547747 5.424991 0.000000 0.000000
 207.500010 0.543813 5.844648 0.000000 0.000000
 208.000010 0.557077 5.096049 0.000000 0.000000
 208.500010 0.597445 5.739996 0.000000 0.000000
 209.000010 0.520437 5.611979 0.000000 0.000000
 209.500010 0.552318 5.692265 0.000000 0.000000
 210.000010 0.493183 5.982044 0.000000 0.000000
 210.500010 0.483156 5.868823 0.000000 0.000000
 211.000010 0.472287 5.805299 0.000000 0.000000
 211.500010 0.498829 5.708625 0.000000 0.000000
 212.000010 0.496214 5.687241 0.000000 0.000000
 212.500010 0.474675 5.869770 0.000000 0.000000
 213.000010 0.557135 5.480569 0.000000 0.000000
 213.500010 0.506036 5.880759 0.000000 0.000000
 214.000010 0.545434 5.324662 0.000000 0.000000
 214.500010 0.522724 5.273066 0.000000 0.000000
 215.000010 0.501546 6.141749 0.000000 0.000000
 215.500010 0.487607 5.592269 0.000000 0.000000
 216.000010 0.567621 5.563767 0.000000 0.000000
 216.500010 0.571083 5.487914 0.000000 0.000000
 217.000010 0.590237 5.154383 0.000000 0.000000
 217.500010 0.459697 5.836008 0.000000 0.000000
 218.000010 0.561845 5.365952 0.000000 0.000000
 218.500010 0.459788 5.549417 0.000000 0.000000
 219.000010 0.525450 5.371349 0.000000 0.000000
 219.500010 0.524124 5.371758 0.000000 0.000000
 220.000010 0.476745 5.924817 0.000000 0.000000
 220.500010 0.498835 5.407352 0.000000 0.000000
 221.000010 0.488656 6.097479 0.000000 0.000000
 221.500011 0.483526 5.767051 0.000000 0.000000
 222.000011 0.548557 5.741872 0.000000 0.000000
 222.500011 0.588352 5.157640 0.000000 0.000000
 223.000011 0.571141 5.887839 0.000000 0.000000
 223.500011 0.562300 6.130222 0.000000 0.000000
 224.000011 0.544945 5.071033 0.000000 0.000000
 224.500011 0.566641 5.823236 0.000000 0.000000
 225.000011 0.506920 5.815359 0.000000 0.000000
 225.500011 0.527289 6.309739 0.000000 0.000000
 226.000011 0.488720 6.036230 0.000000 0.000000
 226.500011 0.462390 5.756520 0.000000 0.000000
 227.000011 0.507984 5.636963 0.000000 0.000000
 227.500011 0.486357 5.834588 0.000000 0.000000
 228.000011 0.577324 5.819255 0.000000 0.000000
 228.500011 0.464878 5.821869 0.000000 0.000000
 229.000011 0.490543 5.636046 0.000000 0.000000
 229.500011 0.555040 5.806543 0.000000 0.000000
 230.000011 0.517487 5.746293 0.000000 0.000000
 230.500011 0.520917 5.945917 0.000000 0.000000
 231.000011 0.494179 5.810040 0.000000 0.000000
 231.500011 0.519400 5.706343 0.000000 0.000000
 232.000011 0.515076 6.009113 0.000000 0.000000
 232.500011 0.559266 5.879788 0.000000 0.000000
 233.000011 0.592577 5.412509 0.000000 0.000000
 233.500011 0.579778 6.114202 0.000000 0.000000
 234.000011 0.545035 5.645915 0.000000 0.000000
 234.500011 0.491573 5.746182 0.000000 0.000000
 235.000011 0.571326 5.665345 0.000000 0.000000
 235.500011 0.497059 5.888430 0.000000 0.000000
 236.000011 0.533490 5.876808 0.000000 0.000000
 236.500011 0.525103 5.916356 0.000000 0.000000
 237.000011 0.528847 5.740180 0.000000 0.000000
 237.500011 0.561431 5.859941 0.000000 0.000000
 238.000011 0.586186 6.686916 0.000000 0.000000
 238.500011 0.480424 5.370698 0.000000 0.000000
 239.000011 0.481784 5.937125 0.000000 0.000000
 239.500011 0.579064 5.382411 0.000000 0.000000
 240.000011 0.525499 5.112658 0.000000 0.000000
 240.500011 0.522345 6.690717 0.000000 0.000000
 241.000011 0.526176 5.500243 0.000000 0.000000
 241.500011 0.492223 6.020208 0.000000 0.000000
 242.000011 0.570399 5.729508 0.000000 0.000000
 242.500012 0.568202 6.017655 0.000000 0.000000
 243.000012 0.547339 6.242941 0.000000 0.000000
 243.500012 0.530890 5.968169 0.000000 0.000000
 244.000012 0.469050 6.033445 0.000000 0.000000
 244.500012 0.455800 5.703065 0.000000 0.000000
 245.000012 0.596145 5.637946 0.000000 0.000000
 245.500012 0.521319 5.645609 0.000000 0.000000
 246.000012 0.532148 6.018860 0.000000 0.000000
 246.500012 0.520963 5.944454 0.000000 0.000000
 247.000012 0.535469 5.754332 0.000000 0.000000
 247.500012 0.574131 6.082397 0.000000 0.000000
 248.000012 0.490218 6.302300 0.000000 0.000000
 248.500012 0.531840 5.721833 0.000000 0.000000
 249.000012 0.529057 5.568866 0.000000 0.000000
 249.500012 0.541591 5.591479 0.000000 0.000000
 250.000012 0.547274 5.188042 0.000000 0.000000
 250.500012 0.586233 5.502522 0.000000 0.000000
 251.000012 0.572201 5.541455 0.000000 0.000000
 251.500012 0.510890 5.970046 0.000000 0.000000
 252.000012 0.469372 5.816739 0.000000 0.000000
 252.500012 0.522293 5.747369 0.000000 0.000000
 253.000012 0.553515 5.554356 0.000000 0.000000
 253.500012 0.587586 6.148694 0.000000 0.000000
 254.000012 0.522637 5.843336 0.000000 0.000000
 254.500012 0.559305 6.125869 0.000000 0.000000
 255.000012 0.475167 5.248713 0.000000 0.000000
 255.500012 0.507945 5.339647 0.000000 0.000000
 256.000012 0.532535 4.997498 0.000000 0.000000
 256.500012 0.489656 5.745895 0.000000 0.000000
 257.000012 0.489622 5.896044 0.000000 0.000000
 257.500012 0.497361 5.620798 0.000000 0.000000
 258.000012 0.539126 5.804570 0.000000 0.000000
 258.500012 0.589442 4.596458 0.000000 0.000000
 259.000012 0.555994 4.990193 0.000000 0.000000
 259.500012 0.611220 5.565494 0.503530 8056.479679
 260.000012 0.580566 4.377095 0.000000 0.000000
 260.500012 0.629803 5.055875 3.552953 56847.249076
 261.000012 0.554773 4.937032 0.000000 0.000000
 261.500012 0.475046 4.856377 0.000000 0.000000
 262.000012 0.490982 4.959686 0.000000 0.000000
 262.500012 0.440834 4.936922 0.000000 0.000000
 263.000012 0.475811 5.461962 0.000000 0.000000
 263.500013 0.464330 5.905732 0.000000 0.000000
 264.000013 0.465547 5.908662 0.000000 0.000000
 264.500013 0.496157 5.913462 0.000000 0.000000
 265.000013 0.528154 5.598083 0.000000 0.000000
 265.500013 0.469724 5.949609 0.000000 0.000000
 266.000013 0.499959 5.457936 0.000000 0.000000
 266.500013 0.500173 5.992924 0.000000 0.000000
 267.000013 0.525822 5.790777 0.000000 0.000000
 267.500013 0.484672 6.070076 0.000000 0.000000
 268.000013 0.532634 6.260488 0.000000 0.000000
 268.500013 0.532172 5.780078 0.000000 0.000000
 269.000013 0.555421 5.980963 0.000000 0.000000
 269.500013 0.505362 5.856308 0.000000 0.000000
 270.000013 0.524861 5.925576 0.000000 0.000000
 270.500013 0.512013 4.913878 0.000000 0.000000
 271.000013 0.590528 5.893622 0.000000 0.000000
 271.500013 0.529286 5.772621 0.000000 0.000000
 272.000013 0.607545 5.907128 0.227686 3642.981454
 272.500013 0.540396 5.720384 0.000000 0.000000
 273.000013 0.560457 5.756607 0.000000 0.000000
 273.500013 0.568557 5.628299 0.000000 0.000000
 274.000013 0.519518 6.185008 0.000000 0.000000
 274.500013 0.476582 5.234192 0.000000 0.000000
 275.000013 0.425499 5.809859 0.000000 0.000000
 275.500013 0.441671 5.759607 0.000000 0.000000
 276.000013 0.570732 5.445560 0.000000 0.000000
 276.500013 0.549698 5.601058 0.000000 0.000000
 277.000013 0.510921 5.216635 0.000000 0.000000
 277.500013 0.529883 6.124785 0.000000 0.000000
 278.000013 0.468357 5.992869 0.000000 0.000000
 278.500013 0.457077 5.838467 0.000000 0.000000
 279.000013 0.451301 5.923047 0.000000 0.000000
 279.500013 0.454433 6.359407 0.000000 0.000000
 280.000013 0.460662 6.200801 0.000000 0.000000
 280.500013 0.522735 5.811776 0.000000 0.000000
 281.000013 0.469723 5.257662 0.000000 0.000000
 281.500013 0.486321 5.881906 0.000000 0.000000
 282.000013 0.500247 5.731617 0.000000 0.000000
 282.500013 0.490047 6.166963 0.000000 0.000000
 283.000013 0.469273 5.975626 0.000000 0.000000
 283.500013 0.576592 5.923132 0.000000 0.000000
 284.000013 0.577625 5.832730 0.000000 0.000000
 284.500014 0.553363 6.515696 0.000000 0.000000
 285.000014 0.568188 5.925409 0.000000 0.000000
 285.500014 0.606050 6.051639 0.146401 2342.415212
 286.000014 0.618035 5.659793 1.301025 20816.394743
 286.500014 0.514109 5.598147 0.000000 0.000000
 287.000014 0.471144 5.992228 0.000000 0.000000
 287.500014 0.481462 5.600184 0.000000 0.000000
 288.000014 0.460800 5.858327 0.000000 0.000000
 288.500014 0.478798 5.916756 0.000000 0.000000
 289.000014 0.474098 4.903045 0.000000 0.000000
 289.500014 0.450313 5.255356 0.000000 0.000000
 290.000014 0.561245 5.454315 0.000000 0.000000
 290.500014 0.535432 5.990449 0.000000 0.000000
 291.000014 0.610121 5.281250 0.409751 6556.016861
 291.500014 0.563256 5.367650 0.000000 0.000000
 292.000014 0.531929 5.838690 0.000000 0.000000
 292.500014 0.496113 5.905524 0.000000 0.000000
 293.000014 0.521774 5.759512 0.000000 0.000000
 293.500014 0.535709 6.067078 0.000000 0.000000
 294.000014 0.552257 6.542199 0.000000 0.000000
 294.500014 0.617554 5.715074 1.232604 19721.667388
 295.000014 0.626058 5.933814 2.716139 43458.219867
 295.500014 0.612072 5.776436 0.582890 9326.239356
 296.000014 0.506966 6.661884 0.000000 0.000000
 296.500014 0.555362 5.979500 0.000000 0.000000
 297.000014 0.569895 6.841600 0.000000 0.000000
 297.500014 0.585645 6.281379 0.000000 0.000000
 298.000014 0.539116 5.824283 0.000000 0.000000
 298.500014 0.552085 6.078945 0.000000 0.000000
 299.000014 0.597070 5.914847 0.000000 0.000000
 299.500014 0.535588 5.723656 0.000000 0.000000
 300.000014 0.522517 5.846003 0.000000 0.000000
 300.500014 0.521428 5.283969 0.000000 0.000000
 301.000014 0.516701 5.326452 0.000000 0.000000
 301.500014 0.494057 5.639505 0.000000 0.000000
 302.000014 0.486558 5.847712 0.000000 0.000000
 302.500014 0.481716 4.907150 0.000000 0.000000
 303.000014 0.466490 6.299637 0.000000 0.000000
 303.500014 0.386356 5.596997 0.000000 0.000000
 304.000014 0.484967 4.914246 0.000000 0.000000
 304.500014 0.429664 4.913874 0.000000 0.000000
 305.000014 0.449840 5.016349 0.000000 0.000000
 305.500015 0.323942 4.781647 0.000000 0.000000
 306.000015 0.271748 4.554252 0.000000 0.000000
 306.500015 0.271954 4.066660 0.000000 0.000000
 307.000015 0.291195 5.026422 0.000000 0.000000
 307.500015 0.288813 4.122958 0.000000 0.000000
 308.000015 0.276470 4.106865 0.000000 0.000000
 308.500015 0.292895 4.952476 0.000000 0.000000
 309.000015 0.276761 4.924735 0.000000 0.000000
 309.500015 0.284067 4.847866 0.000000 0.000000
 310.000015 0.264875 4.978899 0.000000 0.000000
 310.500015 0.280171 4.797003 0.000000 0.000000
 311.000015 0.274294 5.150774 0.000000 0.000000
 311.500015 0.275597 5.262112 0.000000 0.000000
 312.000015 0.271484 4.860991 0.000000 0.000000
 312.500015 0.271234 4.989022 0.000000 0.000000
 313.000015 0.271764 5.008521 0.000000 0.000000
 313.500015 0.273427 4.891630 0.000000 0.000000
 314.000015 0.268427 4.722549 0.000000 0.000000
 314.500015 0.271479 4.652463 0.000000 0.000000
 315.000015 0.260566 4.504335 0.000000 0.000000
 315.500015 0.279452 3.430055 0.000000 0.000000
 316.000015 0.279680 4.883068 0.000000 0.000000
 316.500015 0.335801 4.893010 0.000000 0.000000
 317.000015 0.278917 5.061977 0.000000 0.000000
 317.500015 0.270634 4.829572 0.000000 0.000000
 318.000015 0.262881 4.644011 0.000000 0.000000
 318.500015 0.280959 4.636397 0.000000 0.000000
 319.000015 0.312100 4.747642 0.000000 0.000000
 319.500015 0.267653 4.243894 0.000000 0.000000
 320.000015 0.276170 4.297520 0.000000 0.000000
 320.500015 0.274082 5.040571 0.000000 0.000000
 321.000015 0.279147 4.741815 0.000000 0.000000
 321.500015 0.277193 5.074814 0.000000 0.000000
 322.000015 0.259707 4.756476 0.000000 0.000000
 322.500015 0.262966 4.097323 0.000000 0.000000
 323.000015 0.272257 3.902087 0.000000 0.000000
 323.500015 0.269557 3.233439 0.000000 0.000000
 324.000015 0.274426 3.366881 0.000000 0.000000
 324.500015 0.274461 4.001440 0.000000 0.000000
 325.000015 0.286378 4.495937 0.000000 0.000000
 325.500015 0.274704 4.823232 0.000000 0.000000
 326.000015 0.268923 3.757047 0.000000 0.000000
 326.500016 0.271932 3.912967 0.000000 0.000000
 327.000016 0.295857 3.741410 0.000000 0.000000
 327.500016 0.279388 3.821661 0.000000 0.000000
 328.000016 0.264114 3.991935 0.000000 0.000000
 328.500016 0.276793 4.281465 0.000000 0.000000
 329.000016 0.288901 3.252498 0.000000 0.000000
 329.500016 0.266631 3.933246 0.000000 0.000000
 330.000016 0.275876 4.771906 0.000000 0.000000
 330.500016 0.279609 4.764984 0.000000 0.000000
 331.000016 0.263798 4.993145 0.000000 0.000000
 331.500016 0.301027 5.033563 0.000000 0.000000
 332.000016 0.287764 4.562189 0.000000 0.000000
 332.500016 0.267645 4.065392 0.000000 0.000000
 333.000016 0.279808 4.146943 0.000000 0.000000
 333.500016 0.276920 4.002731 0.000000 0.000000
 334.000016 0.267138 3.960400 0.000000 0.000000
 334.500016 0.260786 3.989280 0.000000 0.000000
 335.000016 0.259152 3.904121 0.000000 0.000000
 335.500016 0.279424 4.045822 0.000000 0.000000
 336.000016 0.296935 4.390682 0.000000 0.000000
 336.500016 0.276160 4.755556 0.000000 0.000000
 337.000016 0.265068 4.156623 0.000000 0.000000
 337.500016 0.296793 4.763967 0.000000 0.000000
 338.000016 0.280700 4.924256 0.000000 0.000000
 338.500016 0.273978 3.992943 0.000000 0.000000
 339.000016 0.301692 4.697331 0.000000 0.000000
 339.500016 0.263772 4.172018 0.000000 0.000000
 340.000016 0.255603 4.021296 0.000000 0.000000
 340.500016 0.280570 3.989904 0.000000 0.000000
 341.000016 0.269486 3.920462 0.000000 0.000000
 341.500016 0.252649 3.073013 0.000000 0.000000
 342.000016 0.287794 4.117765 0.000000 0.000000
 342.500016 0.282061 4.362188 0.000000 0.000000
 343.000016 0.286347 4.531099 0.000000 0.000000
 343.500016 0.296575 4.894523 0.000000 0.000000
 344.000016 0.274583 4.374240 0.000000 0.000000
 344.500016 0.260449 3.985379 0.000000 0.000000
 345.000016 0.268847 4.059415 0.000000 0.000000
 345.500016 0.270366 3.853702 0.000000 0.000000
 346.000016 0.266109 3.703722 0.000000 0.000000
 346.500016 0.272233 3.825462 0.000000 0.000000
 347.000016 0.275037 3.893993 0.000000 0.000000
 347.500017 0.253864 4.039630 0.000000 0.000000
 348.000017 0.282149 3.591375 0.000000 0.000000
 348.500017 0.290664 3.728011 0.000000 0.000000
 349.000017 0.275483 4.100426 0.000000 0.000000
 349.500017 0.283334 4.254355 0.000000 0.000000
 350.000017 0.284495 4.341137 0.000000 0.000000
 350.500017 0.271229 4.894765 0.000000 0.000000
 351.000017 0.258927 4.762906 0.000000 0.000000
 351.500017 0.285124 5.237793 0.000000 0.000000
 352.000017 0.276745 4.882743 0.000000 0.000000
 352.500017 0.282906 4.946307 0.000000 0.000000
 353.000017 0.290829 4.868518 0.000000 0.000000
 353.500017 0.270051 4.742260 0.000000 0.000000
 354.000017 0.275337 4.920778 0.000000 0.000000
 354.500017 0.289166 5.014932 0.000000 0.000000
 355.000017 0.293641 4.614295 0.000000 0.000000
 355.500017 0.277716 4.217216 0.000000 0.000000
 356.000017 0.270013 4.736190 0.000000 0.000000
 356.500017 0.310343 5.061449 0.000000 0.000000
 357.000017 0.281429 4.898322 0.000000 0.000000
 357.500017 0.272745 4.782185 0.000000 0.000000
 358.000017 0.259346 4.420358 0.000000 0.000000
 358.500017 0.258682 4.346251 0.000000 0.000000
 359.000017 0.286043 4.172524 0.000000 0.000000
 359.500017 0.286111 4.151181 0.000000 0.000000
 360.000017 0.292890 4.874151 0.000000 0.000000
 360.500017 0.276388 4.048983 0.000000 0.000000
 361.000017 0.274757 4.100848 0.000000 0.000000
 361.500017 0.277967 4.699866 0.000000 0.000000
 362.000017 0.272309 4.267571 0.000000 0.000000
 362.500017 0.270373 5.004953 0.000000 0.000000
 363.000017 0.295700 4.403289 0.000000 0.000000
 363.500017 0.294046 4.935389 0.000000 0.000000
 364.000017 0.286926 4.648191 0.000000 0.000000
 364.500017 0.272448 4.384468 0.000000 0.000000
 365.000017 0.295656 4.632599 0.000000 0.000000
 365.500017 0.329456 4.885099 0.000000 0.000000
 366.000017 0.271427 4.692363 0.000000 0.000000
 366.500017 0.279924 4.720503 0.000000 0.000000
 367.000017 0.255978 4.945869 0.000000 0.000000
 367.500017 0.280683 5.108941 0.000000 0.000000
 368.000017 0.270321 5.213636 0.000000 0.000000
 368.500018 0.265701 4.633326 0.000000 0.000000
 369.000018 0.282701 4.974453 0.000000 0.000000
 369.500018 0.283495 4.627880 0.000000 0.000000
 370.000018 0.278109 4.897094 0.000000 0.000000
 370.500018 0.279879 4.897474 0.000000 0.000000
 371.000018 0.279185 4.913263 0.000000 0.000000
 371.500018 0.266145 4.299492 0.000000 0.000000
 372.000018 0.290685 4.346533 0.000000 0.000000
 372.500018 0.300748 4.570691 0.000000 0.000000
 373.000018 0.271800 4.453714 0.000000 0.000000
 373.500018 0.282123 4.859452 0.000000 0.000000
 374.000018 0.265965 4.576253 0.000000 0.000000
 374.500018 0.262946 5.154656 0.000000 0.000000
 375.000018 0.299012 5.067341 0.000000 0.000000
 375.500018 0.280113 4.925447 0.000000 0.000000
 376.000018 0.296078 5.403938 0.000000 0.000000
 376.500018 0.271751 4.866172 0.000000 0.000000
 377.000018 0.289237 4.717862 0.000000 0.000000
 377.500018 0.282435 4.264474 0.000000 0.000000
 378.000018 0.282099 5.133220 0.000000 0.000000
 378.500018 0.266459 3.763245 0.000000 0.000000
 379.000018 0.268721 4.403895 0.000000 0.000000
 379.500018 0.280701 3.978744 0.000000 0.000000
 380.000018 0.267669 4.045479 0.000000 0.000000
 380.500018 0.272506 4.198629 0.000000 0.000000
 381.000018 0.260642 3.760371 0.000000 0.000000
 381.500018 0.280146 4.152906 0.000000 0.000000
 382.000018 0.271600 4.269231 0.000000 0.000000
 382.500018 0.271181 3.794482 0.000000 0.000000
 383.000018 0.284811 4.005473 0.000000 0.000000
 383.500018 0.269054 4.153623 0.000000 0.000000
 384.000018 0.290125 4.554607 0.000000 0.000000
 384.500018 0.274249 4.747265 0.000000 0.000000
 385.000018 0.258454 4.623196 0.000000 0.000000
 385.500018 0.264076 3.452951 0.000000 0.000000
 386.000018 0.306357 4.918800 0.000000 0.000000
 386.500018 0.271915 4.801425 0.000000 0.000000
 387.000018 0.293499 5.050024 0.000000 0.000000
 387.500018 0.283623 4.481565 0.000000 0.000000
 388.000018 0.280653 4.801080 0.000000 0.000000
 388.500018 0.269180 4.980676 0.000000 0.000000
 389.000018 0.276511 4.628012 0.000000 0.000000
 389.500019 0.266905 4.593116 0.000000 0.000000
 390.000019 0.265884 4.012217 0.000000 0.000000
 390.500019 0.300203 4.269723 0.000000 0.000000
 391.000019 0.293520 4.268403 0.000000 0.000000
 391.500019 0.271879 3.963737 0.000000 0.000000
 392.000019 0.291272 3.858817 0.000000 0.000000
 392.500019 0.279139 3.962442 0.000000 0.000000
 393.000019 0.277529 4.903943 0.000000 0.000000
 393.500019 0.271961 4.857949 0.000000 0.000000
 394.000019 0.268662 4.683064 0.000000 0.000000
 394.500019 0.256825 4.901599 0.000000 0.000000
 395.000019 0.259168 4.503925 0.000000 0.000000
 395.500019 0.279836 4.129608 0.000000 0.000000
 396.000019 0.282270 3.805157 0.000000 0.000000
 396.500019 0.277741 4.790707 0.000000 0.000000
 397.000019 0.272326 4.869437 0.000000 0.000000
 397.500019 0.277645 4.039490 0.000000 0.000000
 398.000019 0.273265 3.894562 0.000000 0.000000
 398.500019 0.273446 4.952772 0.000000 0.000000
 399.000019 0.287959 4.898249 0.000000 0.000000
 399.500019 0.265323 4.392175 0.000000 0.000000
 400.000019 0.273181 4.122241 0.000000 0.000000
 400.500019 0.280007 3.892974 0.000000 0.000000
 401.000019 0.271429 3.790407 0.000000 0.000000
 401.500019 0.284889 5.002453 0.000000 0.000000
 402.000019 0.265685 4.759722 0.000000 0.000000
 402.500019 0.272863 4.958275 0.000000 0.000000
 403.000019 0.279509 4.906839 0.000000 0.000000
 403.500019 0.293456 4.841560 0.000000 0.000000
 404.000019 0.264957 4.632598 0.000000 0.000000
 404.500019 0.285935 4.693712 0.000000 0.000000
 405.000019 0.280398 5.048223 0.000000 0.000000
 405.500019 0.278908 4.852337 0.000000 0.000000
 406.000019 0.300090 4.747839 0.000000 0.000000
 406.500019 0.272565 5.029893 0.000000 0.000000
 407.000019 0.268618 4.348007 0.000000 0.000000
 407.500019 0.256992 3.791279 0.000000 0.000000
 408.000019 0.278651 3.806345 0.000000 0.000000
 408.500019 0.267595 3.889131 0.000000 0.000000
 409.000019 0.287142 4.044768 0.000000 0.000000
 409.500019 0.280026 4.683839 0.000000 0.000000
 410.000019 0.271959 4.235306 0.000000 0.000000
 410.500019 0.276398 4.860328 0.000000 0.000000
 411.000020 0.290319 5.046608 0.000000 0.000000
 411.500020 0.275299 3.950189 0.000000 0.000000
 412.000020 0.279148 3.605768 0.000000 0.000000
 412.500020 0.272779 3.000093 0.000000 0.000000
 413.000020 0.270858 3.827545 0.000000 0.000000
 413.500020 0.321448 3.966192 0.000000 0.000000
 414.000020 0.272157 3.993507 0.000000 0.000000
 414.500020 0.267564 4.312047 0.000000 0.000000
 415.000020 0.284091 4.724901 0.000000 0.000000
 415.500020 0.376225 4.861487 0.000000 0.000000
 416.000020 0.278579 4.816025 0.000000 0.000000
 416.500020 0.304741 4.197524 0.000000 0.000000
 417.000020 0.287092 4.610032 0.000000 0.000000
 417.500020 0.292091 5.467403 0.000000 0.000000
 418.000020 0.323255 4.572533 0.000000 0.000000
 418.500020 0.261205 4.257801 0.000000 0.000000
 419.000020 0.270877 3.970549 0.000000 0.000000
 419.500020 0.265420 4.533189 0.000000 0.000000
 420.000020 0.291760 4.816787 0.000000 0.000000
 420.500020 0.291813 4.131345 0.000000 0.000000
 421.000020 0.276294 4.102935 0.000000 0.000000
 421.500020 0.311914 4.029080 0.000000 0.000000
 422.000020 0.266051 4.210254 0.000000 0.000000
 422.500020 0.303539 4.995614 0.000000 0.000000
 423.000020 0.282725 5.056418 0.000000 0.000000
 423.500020 0.275725 4.824736 0.000000 0.000000
 424.000020 0.274085 4.189946 0.000000 0.000000
 424.500020 0.265301 4.404660 0.000000 0.000000
 425.000020 0.273983 4.058143 0.000000 0.000000
 425.500020 0.265231 5.593585 0.000000 0.000000
 426.000020 0.257899 4.119417 0.000000 0.000000
 426.500020 0.274760 3.794812 0.000000 0.000000
 427.000020 0.300506 4.417747 0.000000 0.000000
 427.500020 0.288987 4.888428 0.000000 0.000000
 428.000020 0.279013 3.479903 0.000000 0.000000
 428.500020 0.278963 4.050068 0.000000 0.000000
 429.000020 0.266677 3.961625 0.000000 0.000000
 429.500020 0.274184 4.119277 0.000000 0.000000
 430.000020 0.271291 4.043225 0.000000 0.000000
 430.500020 0.272915 4.225974 0.000000 0.000000
 431.000020 0.278270 4.103290 0.000000 0.000000
 431.500020 0.265323 4.502250 0.000000 0.000000
 432.000021 0.263995 4.291234 0.000000 0.000000
 432.500021 0.279147 4.385487 0.000000 0.000000
 433.000021 0.295134 4.277426 0.000000 0.000000
 433.500021 0.273717 3.949106 0.000000 0.000000
 434.000021 0.264456 3.009524 0.000000 0.000000
 434.500021 0.267946 3.461845 0.000000 0.000000
 435.000021 0.267197 3.923384 0.000000 0.000000
 435.500021 0.296923 3.929328 0.000000 0.000000
 436.000021 0.292841 5.174893 0.000000 0.000000
 436.500021 0.276490 5.029541 0.000000 0.000000
 437.000021 0.270909 4.841283 0.000000 0.000000
 437.500021 0.273330 4.695322 0.000000 0.000000
 438.000021 0.272948 4.657944 0.000000 0.000000
 438.500021 0.267201 4.079074 0.000000 0.000000
 439.000021 0.270100 3.010974 0.000000 0.000000
 439.500021 0.305419 4.162320 0.000000 0.000000
 440.000021 0.270481 4.844546 0.000000 0.000000
 440.500021 0.269898 4.189992 0.000000 0.000000
 441.000021 0.277293 3.797199 0.000000 0.000000
 441.500021 0.272545 4.905694 0.000000 0.000000
 442.000021 0.261435 4.278590 0.000000 0.000000
 442.500021 0.269619 4.342205 0.000000 0.000000
 443.000021 0.320864 4.963111 0.000000 0.000000
 443.500021 0.278291 4.496052 0.000000 0.000000
 444.000021 0.278934 4.925659 0.000000 0.000000
 444.500021 0.262094 3.596886 0.000000 0.000000
 445.000021 0.278987 4.483141 0.000000 0.000000
 445.500021 0.282240 4.686360 0.000000 0.000000
 446.000021 0.261446 4.043783 0.000000 0.000000
 446.500021 0.297580 4.189525 0.000000 0.000000
 447.000021 0.292736 4.963455 0.000000 0.000000
 447.500021 0.267181 5.066705 0.000000 0.000000
 448.000021 0.278107 4.272539 0.000000 0.000000
 448.500021 0.301413 3.975829 0.000000 0.000000
 449.000021 0.304975 4.047655 0.000000 0.000000
 449.500021 0.279584 3.873430 0.000000 0.000000
 450.000021 0.307954 4.809129 0.000000 0.000000
 450.500021 0.267496 3.921924 0.000000 0.000000
 451.000021 0.276475 4.162882 0.000000 0.000000
 451.500021 0.266568 3.988848 0.000000 0.000000
 452.000021 0.275676 4.052920 0.000000 0.000000
 452.500021 0.290922 4.130752 0.000000 0.000000
 453.000022 0.286842 4.417396 0.000000 0.000000
 453.500022 0.283518 4.288637 0.000000 0.000000
 454.000022 0.277386 4.114610 0.000000 0.000000
 454.500022 0.263960 4.345664 0.000000 0.000000
 455.000022 0.285742 4.707610 0.000000 0.000000
 455.500022 0.279025 4.634479 0.000000 0.000000
 456.000022 0.290614 5.004745 0.000000 0.000000
 456.500022 0.280074 4.648341 0.000000 0.000000
 457.000022 0.263602 4.525094 0.000000 0.000000
 457.500022 0.264407 4.177021 0.000000 0.000000
 458.000022 0.277245 4.336527 0.000000 0.000000
 458.500022 0.296377 4.205582 0.000000 0.000000
 459.000022 0.272672 4.310714 0.000000 0.000000
 459.500022 0.279995 3.982559 0.000000 0.000000
 460.000022 0.274819 3.924218 0.000000 0.000000
 460.500022 0.315320 4.357233 0.000000 0.000000
 461.000022 0.278080 3.766050 0.000000 0.000000
 461.500022 0.276644 3.683559 0.000000 0.000000
 462.000022 0.313121 4.311048 0.000000 0.000000
 462.500022 0.280631 4.350438 0.000000 0.000000
 463.000022 0.272496 5.155344 0.000000 0.000000
 463.500022 0.285525 4.935813 0.000000 0.000000
 464.000022 0.277734 4.055489 0.000000 0.000000
 464.500022 0.264045 4.102501 0.000000 0.000000
 465.000022 0.301874 4.143618 0.000000 0.000000
 465.500022 0.280241 3.720569 0.000000 0.000000
 466.000022 0.287137 4.442640 0.000000 0.000000
 466.500022 0.277171 4.321568 0.000000 0.000000
 467.000022 0.284167 5.174256 0.000000 0.000000
 467.500022 0.276774 4.086809 0.000000 0.000000
 468.000022 0.276392 4.105747 0.000000 0.000000
 468.500022 0.294079 4.084708 0.000000 0.000000
 469.000022 0.271559 4.592268 0.000000 0.000000
 469.500022 0.264049 3.951502 0.000000 0.000000
 470.000022 0.281574 4.108726 0.000000 0.000000
 470.500022 0.265682 4.022694 0.000000 0.000000
 471.000022 0.276829 4.306412 0.000000 0.000000
 471.500022 0.282009 5.560639 0.000000 0.000000
 472.000022 0.302315 4.992835 0.000000 0.000000
 472.500022 0.271752 5.021374 0.000000 0.000000
 473.000022 0.269766 4.613526 0.000000 0.000000
 473.500022 0.296047 4.750082 0.000000 0.000000
 474.000023 0.270521 4.683540 0.000000 0.000000
 474.500023 0.289012 4.529043 0.000000 0.000000
 475.000023 0.289748 4.009270 0.000000 0.000000
 475.500023 0.283956 4.240023 0.000000 0.000000
 476.000023 0.284312 4.003782 0.000000 0.000000
 476.500023 0.271076 4.382658 0.000000 0.000000
 477.000023 0.267200 4.017769 0.000000 0.000000
 477.500023 0.274887 4.864704 0.000000 0.000000
 478.000023 0.277248 4.930457 0.000000 0.000000
 478.500023 0.270208 4.787988 0.000000 0.000000
 479.000023 0.313594 4.627825 0.000000 0.000000
 479.500023 0.269176 4.729837 0.000000 0.000000
 480.000023 0.308471 4.634692 0.000000 0.000000
 480.500023 0.286924 4.757934 0.000000 0.000000
 481.000023 0.274397 4.848016 0.000000 0.000000
 481.500023 0.272746 4.758322 0.000000 0.000000
 482.000023 0.304979 4.574414 0.000000 0.000000
 482.500023 0.276796 4.013303 0.000000 0.000000
 483.000023 0.260438 4.192089 0.000000 0.000000
 483.500023 0.328103 4.180690 0.000000 0.000000
 484.000023 0.291654 4.265435 0.000000 0.000000
 484.500023 0.267054 4.848186 0.000000 0.000000
 485.000023 0.275591 4.306277 0.000000 0.000000
 485.500023 0.271861 4.582039 0.000000 0.000000
 486.000023 0.295058 4.873065 0.000000 0.000000
 486.500023 0.283734 4.759985 0.000000 0.000000
 487.000023 0.280913 4.789950 0.000000 0.000000
 487.500023 0.319159 4.825675 0.000000 0.000000
 488.000023 0.291872 5.349571 0.000000 0.000000
 488.500023 0.289783 4.879683 0.000000 0.000000
 489.000023 0.272997 4.398334 0.000000 0.000000
 489.500023 0.273282 4.096397 0.000000 0.000000
 490.000023 0.267604 4.561571 0.000000 0.000000
 490.500023 0.267265 4.003076 0.000000 0.000000
 491.000023 0.273577 4.118478 0.000000 0.000000
 491.500023 0.268248 3.940158 0.000000 0.000000
 492.000023 0.276770 4.169866 0.000000 0.000000
 492.500023 0.281959 4.229467 0.000000 0.000000
 493.000023 0.283060 4.119021 0.000000 0.000000
 493.500023 0.264947 3.877866 0.000000 0.000000
 494.000023 0.268413 3.687736 0.000000 0.000000
 494.500023 0.266761 3.807010 0.000000 0.000000
 495.000024 0.269087 4.515264 0.000000 0.000000
 495.500024 0.271963 4.204905 0.000000 0.000000
 496.000024 0.257226 4.852065 0.000000 0.000000
 496.500024 0.278910 4.149486 0.000000 0.000000
 497.000024 0.264226 3.981856 0.000000 0.000000
 497.500024 0.279140 3.992829 0.000000 0.000000
 498.000024 0.270418 3.688192 0.000000 0.000000
 498.500024 0.276282 3.268938 0.000000 0.000000
 499.000024 0.264353 3.050472 0.000000 0.000000
 499.500024 0.262152 3.378185 0.000000 0.000000
 500.000024 0.305064 4.305497 0.000000 0.000000
 500.500024 0.268672 4.264017 0.000000 0.000000
 501.000024 0.296701 4.117134 0.000000 0.000000
 501.500024 0.276763 3.749904 0.000000 0.000000
 502.000024 0.283061 4.896674 0.000000 0.000000
 502.500024 0.304380 4.325778 0.000000 0.000000
 503.000024 0.276046 4.826208 0.000000 0.000000
 503.500024 0.289706 4.711802 0.000000 0.000000
 504.000024 0.291958 4.687832 0.000000 0.000000
 504.500024 0.276493 5.032104 0.000000 0.000000
 505.000024 0.265394 4.403684 0.000000 0.000000
 505.500024 0.273343 4.049975 0.000000 0.000000
 506.000024 0.292258 4.857519 0.000000 0.000000
 506.500024 0.287884 4.952974 0.000000 0.000000
 507.000024 0.278322 4.618693 0.000000 0.000000
 507.500024 0.267352 4.140821 0.000000 0.000000
 508.000024 0.260022 5.055877 0.000000 0.000000
 508.500024 0.299075 4.013208 0.000000 0.000000
 509.000024 0.276832 4.064502 0.000000 0.000000
 509.500024 0.279325 4.082588 0.000000 0.000000
 510.000024 0.277267 3.969194 0.000000 0.000000
 510.500024 0.263199 4.562863 0.000000 0.000000
 511.000024 0.308447 4.714928 0.000000 0.000000
 511.500024 0.274858 4.590980 0.000000 0.000000
 512.000024 0.272694 5.005779 0.000000 0.000000
 512.500024 0.299839 4.960473 0.000000 0.000000
 513.000024 0.275983 4.667848 0.000000 0.000000
 513.500024 0.284918 5.004679 0.000000 0.000000
 514.000024 0.292600 4.662702 0.000000 0.000000
 514.500024 0.274549 4.800919 0.000000 0.000000
 515.000024 0.271021 4.397376 0.000000 0.000000
 515.500024 0.285724 4.983483 0.000000 0.000000
 516.000025 0.280149 4.515869 0.000000 0.000000
 516.500025 0.287785 4.649460 0.000000 0.000000
 517.000025 0.270587 4.289371 0.000000 0.000000
 517.500025 0.289216 4.175669 0.000000 0.000000
 518.000025 0.269245 4.048234 0.000000 0.000000
 518.500025 0.270593 4.989315 0.000000 0.000000
 519.000025 0.264654 4.127545 0.000000 0.000000
 519.500025 0.278154 4.120367 0.000000 0.000000
 520.000025 0.273058 4.178801 0.000000 0.000000
 520.500025 0.278415 4.711141 0.000000 0.000000
 521.000025 0.262561 4.667662 0.000000 0.000000
 521.500025 0.281859 4.906745 0.000000 0.000000
 522.000025 0.284527 4.225598 0.000000 0.000000
 522.500025 0.257867 4.069963 0.000000 0.000000
 523.000025 0.281496 4.505973 0.000000 0.000000
 523.500025 0.280844 5.051205 0.000000 0.000000
 524.000025 0.301476 5.250078 0.000000 0.000000
 524.500025 0.276794 4.676561 0.000000 0.000000
 525.000025 0.277547 4.361335 0.000000 0.000000
 525.500025 0.274297 5.252669 0.000000 0.000000
 526.000025 0.315411 4.923467 0.000000 0.000000
 526.500025 0.283004 4.743954 0.000000 0.000000
 527.000025 0.267103 4.544468 0.000000 0.000000
 527.500025 0.297190 3.944946 0.000000 0.000000
 528.000025 0.258287 4.605200 0.000000 0.000000
 528.500025 0.260596 3.997695 0.000000 0.000000
 529.000025 0.284581 4.799580 0.000000 0.000000
 529.500025 0.269415 4.853718 0.000000 0.000000
 530.000025 0.278993 4.498847 0.000000 0.000000
 530.500025 0.264870 4.344056 0.000000 0.000000
 531.000025 0.267463 4.762595 0.000000 0.000000
 531.500025 0.285667 4.873241 0.000000 0.000000
 532.000025 0.256691 4.678888 0.000000 0.000000
 532.500025 0.267595 4.637166 0.000000 0.000000
 533.000025 0.277802 4.882428 0.000000 0.000000
 533.500025 0.269748 4.739278 0.000000 0.000000
 534.000025 0.308044 4.163736 0.000000 0.000000
 534.500025 0.271848 4.303527 0.000000 0.000000
 535.000025 0.256870 4.020158 0.000000 0.000000
 535.500025 0.257358 3.942528 0.000000 0.000000
 536.000025 0.295146 4.871272 0.000000 0.000000
 536.500025 0.288235 4.973000 0.000000 0.000000
 537.000026 0.281361 4.110032 0.000000 0.000000
 537.500026 0.287015 4.875571 0.000000 0.000000
 538.000026 0.278183 3.585903 0.000000 0.000000
 538.500026 0.266458 4.322647 0.000000 0.000000
 539.000026 0.289219 4.475415 0.000000 0.000000
 539.500026 0.277681 4.228975 0.000000 0.000000
 540.000026 0.300332 4.832309 0.000000 0.000000
 540.500026 0.280296 4.776183 0.000000 0.000000
 541.000026 0.368600 5.065823 0.000000 0.000000
 541.500026 0.285077 4.086453 0.000000 0.000000
 542.000026 0.293779 4.323705 0.000000 0.000000
 542.500026 0.282615 4.798649 0.000000 0.000000
 543.000026 0.273609 4.621777 0.000000 0.000000
 543.500026 0.276474 3.712479 0.000000 0.000000
 544.000026 0.261768 3.721825 0.000000 0.000000
 544.500026 0.278371 3.715818 0.000000 0.000000
 545.000026 0.257527 4.755802 0.000000 0.000000
 545.500026 0.281988 4.995110 0.000000 0.000000
 546.000026 0.273337 4.946772 0.000000 0.000000
 546.500026 0.277662 4.158831 0.000000 0.000000
 547.000026 0.263558 4.849807 0.000000 0.000000
 547.500026 0.270363 4.007139 0.000000 0.000000
 548.000026 0.279211 4.081166 0.000000 0.000000
 548.500026 0.262964 3.904612 0.000000 0.000000
 549.000026 0.279586 4.829534 0.000000 0.000000
 549.500026 0.308371 5.016779 0.000000 0.000000
 550.000026 0.277181 4.972599 0.000000 0.000000
 550.500026 0.278083 4.731001 0.000000 0.000000
 551.000026 0.266767 4.239309 0.000000 0.000000
 551.500026 0.278796 3.997919 0.000000 0.000000
 552.000026 0.275729 4.207379 0.000000 0.000000
 552.500026 0.274092 4.968793 0.000000 0.000000
 553.000026 0.273446 4.653295 0.000000 0.000000
 553.500026 0.276735 4.749192 0.000000 0.000000
 554.000026 0.268012 4.780587 0.000000 0.000000
 554.500026 0.292623 4.905156 0.000000 0.000000
 555.000026 0.280646 4.823665 0.000000 0.000000
 555.500026 0.290032 4.844753 0.000000 0.000000
 556.000026 0.285069 5.269195 0.000000 0.000000
 556.500026 0.284155 4.925585 0.000000 0.000000
 557.000026 0.286446 4.077196 0.000000 0.000000
 557.500026 0.289487 4.040543 0.000000 0.000000
 558.000027 0.273285 3.998445 0.000000 0.000000
 558.500027 0.263383 4.076855 0.000000 0.000000
 559.000027 0.273858 4.309629 0.000000 0.000000
 559.500027 0.278054 4.770195 0.000000 0.000000
 560.000027 0.264654 4.409766 0.000000 0.000000
 560.500027 0.266150 3.681123 0.000000 0.000000
 561.000027 0.263354 4.236657 0.000000 0.000000
 561.500027 0.277876 3.944341 0.000000 0.000000
 562.000027 0.277822 4.580996 0.000000 0.000000
 562.500027 0.284569 4.951438 0.000000 0.000000
 563.000027 0.256389 3.356101 0.000000 0.000000
 563.500027 0.276804 3.322771 0.000000 0.000000
 564.000027 0.282101 4.784048 0.000000 0.000000
 564.500027 0.278084 4.425125 0.000000 0.000000
 565.000027 0.266316 4.934917 0.000000 0.000000
 565.500027 0.268988 4.738095 0.000000 0.000000
 566.000027 0.282497 4.758021 0.000000 0.000000
 566.500027 0.287078 4.813242 0.000000 0.000000
 567.000027 0.277495 4.791724 0.000000 0.000000
 567.500027 0.267493 5.112668 0.000000 0.000000
 568.000027 0.276266 4.785886 0.000000 0.000000
 568.500027 0.279465 3.973973 0.000000 0.000000
 569.000027 0.259294 3.719010 0.000000 0.000000
 569.500027 0.273816 4.194427 0.000000 0.000000
 570.000027 0.276532 3.869658 0.000000 0.000000
 570.500027 0.262887 4.137824 0.000000 0.000000
 571.000027 0.273196 4.204015 0.000000 0.000000
 571.500027 0.292317 4.227041 0.000000 0.000000
 572.000027 0.267209 3.452538 0.000000 0.000000
 572.500027 0.266676 3.853538 0.000000 0.000000
 573.000027 0.272584 3.702857 0.000000 0.000000
 573.500027 0.315553 4.726984 0.000000 0.000000
 574.000027 0.275138 3.999978 0.000000 0.000000
 574.500027 0.313037 4.712874 0.000000 0.000000
 575.000027 0.270357 4.764094 0.000000 0.000000
 575.500027 0.275224 4.640100 0.000000 0.000000
 576.000027 0.268836 4.945575 0.000000 0.000000
 576.500027 0.270448 4.735310 0.000000 0.000000
 577.000027 0.295107 4.803331 0.000000 0.000000
 577.500027 0.276976 4.994646 0.000000 0.000000
 578.000027 0.285163 4.822720 0.000000 0.000000
 578.500027 0.279771 4.792461 0.000000 0.000000
 579.000028 0.293534 4.863410 0.000000 0.000000
 579.500028 0.286309 4.120397 0.000000 0.000000
 580.000028 0.272752 4.252615 0.000000 0.000000
 580.500028 0.269238 4.045112 0.000000 0.000000
 581.000028 0.270096 3.986961 0.000000 0.000000
 581.500028 0.279443 5.121192 0.000000 0.000000
 582.000028 0.286055 4.997759 0.000000 0.000000
 582.500028 0.271486 4.863554 0.000000 0.000000
 583.000028 0.277859 5.039384 0.000000 0.000000
 583.500028 0.280292 4.004304 0.000000 0.000000
 584.000028 0.298056 4.372882 0.000000 0.000000
 584.500028 0.275161 4.049518 0.000000 0.000000
 585.000028 0.288782 4.396736 0.000000 0.000000
 585.500028 0.316699 4.895255 0.000000 0.000000
 586.000028 0.294437 4.694920 0.000000 0.000000
 586.500028 0.278784 4.651079 0.000000 0.000000
 587.000028 0.275315 4.836341 0.000000 0.000000
 587.500028 0.274628 5.157080 0.000000 0.000000
 588.000028 0.282144 4.567012 0.000000 0.000000
 588.500028 0.279428 4.773879 0.000000 0.000000
 589.000028 0.284828 4.628525 0.000000 0.000000
 589.500028 0.280642 5.001242 0.000000 0.000000
 590.000028 0.273525 5.186517 0.000000 0.000000
 590.500028 0.280926 4.534146 0.000000 0.000000
 591.000028 0.269669 3.853217 0.000000 0.000000
 591.500028 0.265445 4.138305 0.000000 0.000000
 592.000028 0.262259 4.050596 0.000000 0.000000
 592.500028 0.276312 4.670747 0.000000 0.000000
 593.000028 0.269976 4.821096 0.000000 0.000000
 593.500028 0.295595 4.378446 0.000000 0.000000
 594.000028 0.285962 4.510579 0.000000 0.000000
 594.500028 0.272625 4.400470 0.000000 0.000000
 595.000028 0.300400 4.315822 0.000000 0.000000
 595.500028 0.258136 4.329512 0.000000 0.000000
 596.000028 0.261341 4.707936 0.000000 0.000000
 596.500028 0.289395 4.957375 0.000000 0.000000
 597.000028 0.320640 5.043439 0.000000 0.000000
 597.500028 0.287030 4.979167 0.000000 0.000000
 598.000028 0.277158 4.503904 0.000000 0.000000
 598.500028 0.329390 4.588820 0.000000 0.000000
 599.000028 0.350897 5.032092 0.000000 0.000000
 599.500028 0.290065 5.126811 0.000000 0.000000
 600.000028 0.280012 4.703354 0.000000 0.000000
 600.500029 0.269023 4.252855 0.000000 0.000000
 601.000029 0.265552 4.278498 0.000000 0.000000
 601.500029 0.274719 4.275372 0.000000 0.000000
 602.000029 0.262186 4.109942 0.000000 0.000000
 602.500029 0.292427 4.150833 0.000000 0.000000
 603.000029 0.279406 3.648653 0.000000 0.000000
 603.500029 0.280669 4.048622 0.000000 0.000000
 604.000029 0.267545 3.852781 0.000000 0.000000
 604.500029 0.296048 4.010317 0.000000 0.000000
 605.000029 0.301083 4.352085 0.000000 0.000000
 605.500029 0.281881 4.528790 0.000000 0.000000
 606.000029 0.289460 4.532323 0.000000 0.000000
 606.500029 0.342321 4.831441 0.000000 0.000000
 607.000029 0.317242 5.308389 0.000000 0.000000
 607.500029 0.272448 4.259753 0.000000 0.000000
 608.000029 0.257061 5.102500 0.000000 0.000000
 608.500029 0.274213 5.021909 0.000000 0.000000
 609.000029 0.286084 4.719159 0.000000 0.000000
 609.500029 0.303383 4.804206 0.000000 0.000000
 610.000029 0.275309 4.878741 0.000000 0.000000
 610.500029 0.303708 4.426857 0.000000 0.000000
 611.000029 0.284293 4.025473 0.000000 0.000000
 611.500029 0.261605 4.599935 0.000000 0.000000
 612.000029 0.271937 3.958230 0.000000 0.000000
 612.500029 0.278298 4.622234 0.000000 0.000000
 613.000029 0.274667 4.431000 0.000000 0.000000
 613.500029 0.289306 4.457934 0.000000 0.000000
 614.000029 0.293399 4.894683 0.000000 0.000000
 614.500029 0.341628 4.866609 0.000000 0.000000
 615.000029 0.295272 4.562914 0.000000 0.000000
 615.500029 0.272199 4.225454 0.000000 0.000000
 616.000029 0.270240 3.955207 0.000000 0.000000
 616.500029 0.268771 4.082594 0.000000 0.000000
 617.000029 0.272070 3.934392 0.000000 0.000000
 617.500029 0.284743 4.053351 0.000000 0.000000
 618.000029 0.266086 4.388859 0.000000 0.000000
 618.500029 0.269680 5.020588 0.000000 0.000000
 619.000029 0.287068 4.306762 0.000000 0.000000
 619.500029 0.280975 4.133770 0.000000 0.000000
 620.000029 0.284155 4.084881 0.000000 0.000000
 620.500029 0.360427 5.014420 0.000000 0.000000
 621.000029 0.464472 5.946284 0.000000 0.000000
 621.500030 0.499429 5.629179 0.000000 0.000000
 622.000030 0.495367 5.607268 0.000000 0.000000
 622.500030 0.472465 6.177694 0.000000 0.000000
 623.000030 0.455728 6.076420 0.000000 0.000000
 623.500030 0.501047 5.710543 0.000000 0.000000
 624.000030 0.548340 5.914556 0.000000 0.000000
 624.500030 0.514123 5.811280 0.000000 0.000000
 625.000030 0.546674 5.763896 0.000000 0.000000
 625.500030 0.597765 5.283124 0.000000 0.000000
 626.000030 0.539800 5.894389 0.000000 0.000000
 626.500030 0.577787 6.007678 0.000000 0.000000
 627.000030 0.581391 5.332825 0.000000 0.000000
 627.500030 0.579382 5.460566 0.000000 0.000000
 628.000030 0.583741 5.221395 0.000000 0.000000
 628.500030 0.564944 5.848767 0.000000 0.000000
 629.000030 0.529754 6.183593 0.000000 0.000000
 629.500030 0.469654 5.962768 0.000000 0.000000
 630.000030 0.643773 5.730734 7.664173 122626.771348
 630.500030 0.584396 6.113675 0.000000 0.000000
 631.000030 0.579669 6.142783 0.000000 0.000000
 631.500030 0.549763 4.827748 0.000000 0.000000
 632.000030 0.506653 5.698257 0.000000 0.000000
 632.500030 0.567420 5.728248 0.000000 0.000000
 633.000030 0.515381 5.978569 0.000000 0.000000
 633.500030 0.495024 6.256679 0.000000 0.000000
 634.000030 0.483022 6.341645 0.000000 0.000000
 634.500030 0.537580 6.224753 0.000000 0.000000
 635.000030 0.598001 5.912541 0.000000 0.000000
 635.500030 0.602357 5.934245 0.022225 355.594229
 636.000030 0.611427 5.619917 0.522280 8356.476344
 636.500030 0.521524 5.843147 0.000000 0.000000
 637.000030 0.458027 5.994776 0.000000 0.000000
 637.500030 0.460542 5.990964 0.000000 0.000000
 638.000030 0.477952 5.950071 0.000000 0.000000
 638.500030 0.425567 5.822876 0.000000 0.000000
 639.000030 0.496922 5.995573 0.000000 0.000000
 639.500030 0.553104 6.108695 0.000000 0.000000
 640.000030 0.471730 5.742343 0.000000 0.000000
 640.500030 0.509302 5.528485 0.000000 0.000000
 641.000030 0.461001 5.645744 0.000000 0.000000
 641.500030 0.442921 5.872954 0.000000 0.000000
 642.000030 0.427323 5.494220 0.000000 0.000000
 642.500031 0.451292 6.003665 0.000000 0.000000
 643.000031 0.451187 5.757007 0.000000 0.000000
 643.500031 0.433741 5.860513 0.000000 0.000000
 644.000031 0.498948 5.948285 0.000000 0.000000
 644.500031 0.474920 6.093457 0.000000 0.000000
 645.000031 0.545583 5.677454 0.000000 0.000000
 645.500031 0.419939 6.179498 0.000000 0.000000
 646.000031 0.472865 5.527652 0.000000 0.000000
 646.500031 0.472828 5.813529 0.000000 0.000000
 647.000031 0.451207 5.963221 0.000000 0.000000
 647.500031 0.486816 5.826020 0.000000 0.000000
 648.000031 0.529581 5.858552 0.000000 0.000000
 648.500031 0.537127 6.247342 0.000000 0.000000
 649.000031 0.592424 5.896638 0.000000 0.000000
 649.500031 0.554462 5.306667 0.000000 0.000000
 650.000031 0.502496 5.062752 0.000000 0.000000
 650.500031 0.501085 5.892254 0.000000 0.000000
 651.000031 0.532918 5.595494 0.000000 0.000000
 651.500031 0.469424 6.131979 0.000000 0.000000
 652.000031 0.556150 5.773014 0.000000 0.000000
 652.500031 0.539533 5.375043 0.000000 0.000000
 653.000031 0.599989 5.944568 0.000000 0.000000
 653.500031 0.540932 5.804945 0.000000 0.000000
 654.000031 0.493222 5.888100 0.000000 0.000000
 654.500031 0.550330 5.377101 0.000000 0.000000
 655.000031 0.515784 5.425277 0.000000 0.000000
 655.500031 0.551808 5.908873 0.000000 0.000000
 656.000031 0.471717 5.511887 0.000000 0.000000
 656.500031 0.486583 5.808575 0.000000 0.000000
 657.000031 0.435437 5.089882 0.000000 0.000000
 657.500031 0.461909 4.960590 0.000000 0.000000
 658.000031 0.476176 5.135709 0.000000 0.000000
 658.500031 0.493867 5.139548 0.000000 0.000000
 659.000031 0.526898 4.942655 0.000000 0.000000
 659.500031 0.654800 5.024799 12.012124 192193.986950
 660.000031 0.600428 5.365836 0.000732 11.718926
 660.500031 0.593904 5.877492 0.000000 0.000000
 661.000031 0.620185 6.132544 1.629810 26076.961740
 661.500031 0.569852 5.548960 0.000000 0.000000
 662.000031 0.593092 5.918051 0.000000 0.000000
 662.500031 0.496221 5.736596 0.000000 0.000000
 663.000031 0.501540 6.144784 0.000000 0.000000
 663.500032 0.501066 5.755141 0.000000 0.000000
 664.000032 0.498146 5.493611 0.000000 0.000000
 664.500032 0.450696 5.996776 0.000000 0.000000
 665.000032 0.488652 5.858012 0.000000 0.000000
 665.500032 0.448661 5.954123 0.000000 0.000000
 666.000032 0.496906 5.915775 0.000000 0.000000
 666.500032 0.572534 5.573797 0.000000 0.000000
 667.000032 0.496441 5.847050 0.000000 0.000000
 667.500032 0.482428 5.482000 0.000000 0.000000
 668.000032 0.595557 5.385864 0.000000 0.000000
 668.500032 0.616070 5.569524 1.032982 16527.707604
 669.000032 0.563173 5.970583 0.000000 0.000000
 669.500032 0.596464 5.512799 0.000000 0.000000
 670.000032 0.556886 5.925437 0.000000 0.000000
 670.500032 0.599213 5.762792 0.000000 0.000000
 671.000032 0.644670 5.694927 7.981476 127703.608753
 671.500032 0.593293 5.907274 0.000000 0.000000
 672.000032 0.544805 5.997780 0.000000 0.000000
 672.500032 0.498305 5.746184 0.000000 0.000000
 673.000032 0.528682 5.692630 0.000000 0.000000
 673.500032 0.460413 5.917438 0.000000 0.000000
 674.000032 0.496236 5.455189 0.000000 0.000000
 674.500032 0.496740 5.872624 0.000000 0.000000
 675.000032 0.509667 5.845984 0.000000 0.000000
 675.500032 0.459427 5.835404 0.000000 0.000000
 676.000032 0.457262 5.971920 0.000000 0.000000
 676.500032 0.493841 4.986410 0.000000 0.000000
 677.000032 0.486574 5.807933 0.000000 0.000000
 677.500032 0.512898 6.215076 0.000000 0.000000
 678.000032 0.505118 6.001189 0.000000 0.000000
 678.500032 0.530210 5.353508 0.000000 0.000000
 679.000032 0.532132 5.367530 0.000000 0.000000
 679.500032 0.537682 5.938073 0.000000 0.000000
 680.000032 0.492503 5.834483 0.000000 0.000000
 680.500032 0.550490 4.907731 0.000000 0.000000
 681.000032 0.524607 5.611093 0.000000 0.000000
 681.500032 0.432001 5.232685 0.000000 0.000000
 682.000032 0.263284 4.537732 0.000000 0.000000
 682.500032 0.269589 3.925039 0.000000 0.000000
 683.000032 0.272389 3.698733 0.000000 0.000000
 683.500032 0.262753 3.172161 0.000000 0.000000
 684.000032 0.261862 3.925732 0.000000 0.000000
 684.500033 0.282756 3.963846 0.000000 0.000000
 685.000033 0.275910 3.678283 0.000000 0.000000
 685.500033 0.271786 4.503709 0.000000 0.000000
 686.000033 0.280306 5.129451 0.000000 0.000000
 686.500033 0.288909 4.944553 0.000000 0.000000
 687.000033 0.271751 4.550776 0.000000 0.000000
 687.500033 0.266354 4.276539 0.000000 0.000000
 688.000033 0.258065 4.382973 0.000000 0.000000
 688.500033 0.304503 5.146741 0.000000 0.000000
 689.000033 0.286854 5.067759 0.000000 0.000000
 689.500033 0.263893 5.071867 0.000000 0.000000
 690.000033 0.275481 4.933625 0.000000 0.000000
 690.500033 0.282921 4.583486 0.000000 0.000000
 691.000033 0.266900 3.921335 0.000000 0.000000
 691.500033 0.272330 4.030357 0.000000 0.000000
 692.000033 0.276235 4.153074 0.000000 0.000000
 692.500033 0.279235 3.719536 0.000000 0.000000
 693.000033 0.266748 3.180984 0.000000 0.000000
 693.500033 0.271428 3.826495 0.000000 0.000000
 694.000033 0.273430 4.043951 0.000000 0.000000
 694.500033 0.287262 4.666608 0.000000 0.000000
 695.000033 0.288549 5.069123 0.000000 0.000000
 695.500033 0.262759 4.439788 0.000000 0.000000
 696.000033 0.277986 4.611131 0.000000 0.000000
 696.500033 0.270615 4.837014 0.000000 0.000000
 697.000033 0.283165 4.317787 0.000000 0.000000
 697.500033 0.277378 4.123110 0.000000 0.000000
 698.000033 0.287501 4.728534 0.000000 0.000000
 698.500033 0.272627 4.920933 0.000000 0.000000
 699.000033 0.266743 4.397021 0.000000 0.000000
 699.500033 0.272210 3.952017 0.000000 0.000000
 700.000033 0.308347 4.764180 0.000000 0.000000
 700.500033 0.274953 4.744676 0.000000 0.000000
 701.000033 0.277727 4.243237 0.000000 0.000000
 701.500033 0.306308 4.377559 0.000000 0.000000
 702.000033 0.288923 4.478372 0.000000 0.000000
 702.500033 0.374214 5.086126 0.000000 0.000000
 703.000033 0.556292 5.427238 0.000000 0.000000
 703.500033 0.520929 5.815647 0.000000 0.000000
 704.000033 0.607795 5.893494 0.243042 3888.666835
 704.500033 0.556927 5.791599 0.000000 0.000000
 705.000033 0.514386 5.907497 0.000000 0.000000
 705.500034 0.572462 5.932325 0.000000 0.000000
 706.000034 0.528115 5.979605 0.000000 0.000000
 706.500034 0.492974 5.150581 0.000000 0.000000
 707.000034 0.510327 5.748132 0.000000 0.000000
 707.500034 0.492883 5.657978 0.000000 0.000000
 708.000034 0.513209 5.905712 0.000000 0.000000
 708.500034 0.530326 5.982178 0.000000 0.000000
 709.000034 0.511089 5.955666 0.000000 0.000000
 709.500034 0.606895 5.816602 0.190138 3042.202824
 710.000034 0.565942 5.749266 0.000000 0.000000
 710.500034 0.536860 5.668647 0.000000 0.000000
 711.000034 0.553634 5.668227 0.000000 0.000000
 711.500034 0.628904 5.898701 3.341722 53467.545868
 712.000034 0.514750 5.109521 0.000000 0.000000
 712.500034 0.545471 5.909104 0.000000 0.000000
 713.000034 0.582424 5.846602 0.000000 0.000000
 713.500034 0.561967 5.358047 0.000000 0.000000
 714.000034 0.516215 5.242972 0.000000 0.000000
 714.500034 0.552559 5.723159 0.000000 0.000000
 715.000034 0.481052 5.285930 0.000000 0.000000
 715.500034 0.515728 5.110772 0.000000 0.000000
 716.000034 0.529279 5.120671 0.000000 0.000000
 716.500034 0.490537 4.962630 0.000000 0.000000
 717.000034 0.490270 4.991517 0.000000 0.000000
 717.500034 0.459677 5.089598 0.000000 0.000000
 718.000034 0.476814 6.176209 0.000000 0.000000
 718.500034 0.470077 5.773800 0.000000 0.000000
 719.000034 0.499427 5.720115 0.000000 0.000000
 719.500034 0.475911 5.574964 0.000000 0.000000
 720.000034 0.470528 5.925638 0.000000 0.000000
 720.500034 0.468529 5.973525 0.000000 0.000000
 721.000034 0.503574 5.945778 0.000000 0.000000
 721.500034 0.522210 5.838739 0.000000 0.000000
 722.000034 0.466206 5.999236 0.000000 0.000000
 722.500034 0.518929 5.777436 0.000000 0.000000
 723.000034 0.586710 6.023037 0.000000 0.000000
 723.500034 0.537104 4.496878 0.000000 0.000000
 724.000034 0.512250 4.852861 0.000000 0.000000
 724.500034 0.564230 4.870625 0.000000 0.000000
 725.000034 0.558770 5.433927 0.000000 0.000000
 725.500034 0.569357 5.510872 0.000000 0.000000
 726.000034 0.545389 6.511684 0.000000 0.000000
 726.500035 0.549318 5.488125 0.000000 0.000000
 727.000035 0.623460 5.633463 2.201396 35222.336667
 727.500035 0.502541 5.345422 0.000000 0.000000
 728.000035 0.550919 5.877985 0.000000 0.000000
 728.500035 0.603283 5.282458 0.043100 689.594419
 729.000035 0.525692 5.251044 0.000000 0.000000
 729.500035 0.624002 5.322317 2.304305 36868.872814
 730.000035 0.623873 5.840794 2.279713 36475.411910
 730.500035 0.544693 5.557998 0.000000 0.000000
 731.000035 0.502899 5.806495 0.000000 0.000000
 731.500035 0.565959 5.917530 0.000000 0.000000
 732.000035 0.494760 5.745066 0.000000 0.000000
 732.500035 0.512032 5.662703 0.000000 0.000000
 733.000035 0.524431 5.878115 0.000000 0.000000
 733.500035 0.485434 5.411116 0.000000 0.000000
 734.000035 0.544446 4.955714 0.000000 0.000000
 734.500035 0.489894 4.963004 0.000000 0.000000
 735.000035 0.549565 6.056267 0.000000 0.000000
 735.500035 0.571751 5.949350 0.000000 0.000000
 736.000035 0.602377 6.906267 0.022609 361.736049
 736.500035 0.521095 5.847554 0.000000 0.000000
 737.000035 0.573261 5.142648 0.000000 0.000000
 737.500035 0.477813 5.955737 0.000000 0.000000
 738.000035 0.529822 5.892196 0.000000 0.000000
 738.500035 0.521207 5.758443 0.000000 0.000000
 739.000035 0.396916 5.802240 0.000000 0.000000
 739.500035 0.487107 5.832674 0.000000 0.000000
 740.000035 0.471917 6.033372 0.000000 0.000000
 740.500035 0.456067 5.617809 0.000000 0.000000
 741.000035 0.453290 5.235887 0.000000 0.000000
 741.500035 0.482203 5.540001 0.000000 0.000000
 742.000035 0.526972 5.904236 0.000000 0.000000
 742.500035 0.533856 5.699309 0.000000 0.000000
 743.000035 0.547546 5.673741 0.000000 0.000000
 743.500035 0.511842 5.810881 0.000000 0.000000
 744.000035 0.533536 5.725822 0.000000 0.000000
 744.500035 0.506362 5.880472 0.000000 0.000000
 745.000035 0.484687 5.960212 0.000000 0.000000
 745.500035 0.478125 5.626091 0.000000 0.000000
 746.000035 0.510926 5.838186 0.000000 0.000000
 746.500035 0.396321 5.024766 0.000000 0.000000
 747.000035 0.472505 5.615022 0.000000 0.000000
 747.500036 0.484390 5.850475 0.000000 0.000000
 748.000036 0.567248 5.509686 0.000000 0.000000
 748.500036 0.411024 5.785992 0.000000 0.000000
 749.000036 0.522808 5.794313 0.000000 0.000000
 749.500036 0.545174 5.787386 0.000000 0.000000
 750.000036 0.603823 5.689272 0.058465 935.445107
 750.500036 0.546501 5.544988 0.000000 0.000000
 751.000036 0.547537 6.205869 0.000000 0.000000
 751.500036 0.519700 5.948277 0.000000 0.000000
 752.000036 0.494991 5.642425 0.000000 0.000000
 752.500036 0.490051 5.876262 0.000000 0.000000
 753.000036 0.565479 5.742335 0.000000 0.000000
 753.500036 0.505665 5.201075 0.000000 0.000000
 754.000036 0.508282 6.018422 0.000000 0.000000
 754.500036 0.548769 5.745424 0.000000 0.000000
 755.000036 0.563514 5.977230 0.000000 0.000000
 755.500036 0.571747 5.754703 0.000000 0.000000
 756.000036 0.533969 5.921563 0.000000 0.000000
 756.500036 0.589079 6.154568 0.000000 0.000000
 757.000036 0.619708 4.862043 1.553679 24858.858585
 757.500036 0.590399 5.984572 0.000000 0.000000
 758.000036 0.493867 5.864283 0.000000 0.000000
 758.500036 0.479317 5.043030 0.000000 0.000000
 759.000036 0.457586 5.285302 0.000000 0.000000
 759.500036 0.518380 5.015971 0.000000 0.000000
 760.000036 0.543293 5.628559 0.000000 0.000000
 760.500036 0.537606 5.025931 0.000000 0.000000
 761.000036 0.538292 5.038666 0.000000 0.000000
 761.500036 0.601248 4.973902 0.006228 99.650053
 762.000036 0.559347 5.085748 0.000000 0.000000
 762.500036 0.526048 5.050667 0.000000 0.000000
 763.000036 0.530532 4.991970 0.000000 0.000000
 763.500036 0.561674 5.498595 0.000000 0.000000
 764.000036 0.566068 4.820835 0.000000 0.000000
 764.500036 0.574523 4.956348 0.000000 0.000000
 765.000036 0.509511 5.785796 0.000000 0.000000
 765.500036 0.543384 5.919561 0.000000 0.000000
 766.000036 0.480341 5.729975 0.000000 0.000000
 766.500036 0.510189 6.090450 0.000000 0.000000
 767.000036 0.493840 5.692970 0.000000 0.000000
 767.500036 0.485924 5.661439 0.000000 0.000000
 768.000036 0.497646 5.669764 0.000000 0.000000
 768.500037 0.484994 6.029401 0.000000 0.000000
 769.000037 0.507756 6.055271 0.000000 0.000000
 769.500037 0.556843 6.440315 0.000000 0.000000
 770.000037 0.520786 6.028248 0.000000 0.000000
 770.500037 0.487509 5.778969 0.000000 0.000000
 771.000037 0.470588 5.815173 0.000000 0.000000
 771.500037 0.492687 5.788752 0.000000 0.000000
 772.000037 0.528846 6.538362 0.000000 0.000000
 772.500037 0.525992 5.783114 0.000000 0.000000
 773.000037 0.506615 5.831342 0.000000 0.000000
 773.500037 0.523884 5.926240 0.000000 0.000000
 774.000037 0.552552 5.403334 0.000000 0.000000
 774.500037 0.591942 5.712140 0.000000 0.000000
 775.000037 0.550450 5.031134 0.000000 0.000000
 775.500037 0.603758 5.773123 0.056496 903.937681
 776.000037 0.620792 5.813920 1.729235 27667.756503
 776.500037 0.585096 5.906698 0.000000 0.000000
 777.000037 0.611439 5.398412 0.523411 8374.579144
 777.500037 0.560715 6.059403 0.000000 0.000000
 778.000037 0.603859 5.854313 0.059577 953.231018
 778.500037 0.576675 4.962999 0.000000 0.000000
 779.000037 0.511475 5.019131 0.000000 0.000000
 779.500037 0.482290 6.054416 0.000000 0.000000
 780.000037 0.433346 5.452329 0.000000 0.000000
 780.500037 0.482534 6.110087 0.000000 0.000000
 781.000037 0.502241 5.768025 0.000000 0.000000
 781.500037 0.516678 5.866344 0.000000 0.000000
 782.000037 0.512823 5.741047 0.000000 0.000000
 782.500037 0.488905 5.762356 0.000000 0.000000
 783.000037 0.555587 5.875127 0.000000 0.000000
 783.500037 0.520988 5.926523 0.000000 0.000000
 784.000037 0.531490 5.708674 0.000000 0.000000
 784.500037 0.538673 6.129234 0.000000 0.000000
 785.000037 0.613473 5.950347 0.726131 11618.091751
 785.500037 0.511928 5.985211 0.000000 0.000000
 786.000037 0.464307 5.778894 0.000000 0.000000
 786.500037 0.464415 5.098007 0.000000 0.000000
 787.000037 0.514415 5.254964 0.000000 0.000000
 787.500037 0.446904 5.749415 0.000000 0.000000
 788.000037 0.422472 5.896570 0.000000 0.000000
 788.500037 0.529738 5.584053 0.000000 0.000000
 789.000037 0.535768 5.656622 0.000000 0.000000
 789.500037 0.489916 5.979699 0.000000 0.000000
 790.000038 0.606386 5.630265 0.163122 2609.955956
 790.500038 0.574582 5.876659 0.000000 0.000000
 791.000038 0.555789 5.854049 0.000000 0.000000
 791.500038 0.529949 5.930478 0.000000 0.000000
 792.000038 0.500556 5.725421 0.000000 0.000000
 792.500038 0.541876 6.076517 0.000000 0.000000
 793.000038 0.598699 5.924764 0.000000 0.000000
 793.500038 0.534773 5.926128 0.000000 0.000000
 794.000038 0.476482 5.099204 0.000000 0.000000
 794.500038 0.474164 5.736380 0.000000 0.000000
 795.000038 0.482090 5.794392 0.000000 0.000000
 795.500038 0.437739 5.938830 0.000000 0.000000
 796.000038 0.467504 5.937701 0.000000 0.000000
 796.500038 0.485033 5.884560 0.000000 0.000000
 797.000038 0.495356 6.072872 0.000000 0.000000
 797.500038 0.532035 5.867259 0.000000 0.000000
 798.000038 0.492723 5.951084 0.000000 0.000000
 798.500038 0.481332 5.823074 0.000000 0.000000
 799.000038 0.436615 5.850132 0.000000 0.000000
 799.500038 0.464467 5.854714 0.000000 0.000000
 800.000038 0.462686 5.778641 0.000000 0.000000
 800.500038 0.462359 5.830414 0.000000 0.000000
 801.000038 0.454221 5.827104 0.000000 0.000000
 801.500038 0.465021 5.939240 0.000000 0.000000
 802.000038 0.485638 5.674164 0.000000 0.000000
 802.500038 0.464146 5.915681 0.000000 0.000000
 803.000038 0.469574 6.137250 0.000000 0.000000
 803.500038 0.627600 5.451989 3.047112 48753.799852
 804.000038 0.501902 5.914113 0.000000 0.000000
 804.500038 0.419751 5.747458 0.000000 0.000000
 805.000038 0.544753 5.748913 0.000000 0.000000
 805.500038 0.558482 5.304863 0.000000 0.000000
 806.000038 0.529342 6.226547 0.000000 0.000000
 806.500038 0.553812 6.247648 0.000000 0.000000
 807.000038 0.581668 5.559392 0.000000 0.000000
 807.500038 0.520001 4.967898 0.000000 0.000000
 808.000038 0.557179 4.999008 0.000000 0.000000
 808.500038 0.507049 5.111743 0.000000 0.000000
 809.000038 0.522832 5.263318 0.000000 0.000000
 809.500038 0.514314 5.143348 0.000000 0.000000
 810.000038 0.607901 5.249688 0.249691 3995.051560
 810.500038 0.562679 5.555114 0.000000 0.000000
 811.000039 0.627283 5.552198 2.977488 47639.815792
 811.500039 0.575027 5.718228 0.000000 0.000000
 812.000039 0.542438 4.991501 0.000000 0.000000
 812.500039 0.509862 4.868032 0.000000 0.000000
 813.000039 0.535948 5.318073 0.000000 0.000000
 813.500039 0.529342 5.631750 0.000000 0.000000
 814.000039 0.608094 5.032460 0.262077 4193.225750
 814.500039 0.584402 4.972320 0.000000 0.000000
 815.000039 0.524231 5.444041 0.000000 0.000000
 815.500039 0.494227 5.802014 0.000000 0.000000
 816.000039 0.480616 6.297227 0.000000 0.000000
 816.500039 0.549773 6.021734 0.000000 0.000000
 817.000039 0.516474 5.890582 0.000000 0.000000
 817.500039 0.561556 5.678309 0.000000 0.000000
 818.000039 0.517385 5.576992 0.000000 0.000000
 818.500039 0.591752 5.294525 0.000000 0.000000
 819.000039 0.585489 5.719353 0.000000 0.000000
 819.500039 0.544242 5.869151 0.000000 0.000000
 820.000039 0.511058 5.643793 0.000000 0.000000
 820.500039 0.479903 5.116837 0.000000 0.000000
 821.000039 0.475045 5.135427 0.000000 0.000000
 821.500039 0.474841 5.885922 0.000000 0.000000
 822.000039 0.478169 5.351077 0.000000 0.000000
 822.500039 0.504852 5.753176 0.000000 0.000000
 823.000039 0.468389 5.867176 0.000000 0.000000
 823.500039 0.455087 5.841461 0.000000 0.000000
 824.000039 0.584483 5.340045 0.000000 0.000000
 824.500039 0.554867 5.717178 0.000000 0.000000
 825.000039 0.593548 5.781558 0.000000 0.000000
 825.500039 0.592572 5.704816 0.000000 0.000000
 826.000039 0.636828 5.137315 5.425131 86802.088774
 826.500039 0.649053 5.999148 9.624960 153999.352836
 827.000039 0.613314 5.987921 0.709042 11344.676353
 827.500039 0.566915 5.971730 0.000000 0.000000
 828.000039 0.539815 5.552220 0.000000 0.000000
 828.500039 0.562335 5.794962 0.000000 0.000000
 829.000039 0.490258 5.787019 0.000000 0.000000
 829.500039 0.584923 5.846353 0.000000 0.000000
 830.000039 0.585605 6.043682 0.000000 0.000000
 830.500039 0.577354 5.007698 0.000000 0.000000
 831.000039 0.503079 5.079554 0.000000 0.000000
 831.500039 0.535336 5.475001 0.000000 0.000000
 832.000040 0.547759 5.601490 0.000000 0.000000
 832.500040 0.631052 5.271372 3.856795 61708.719746
 833.000040 0.570923 5.393349 0.000000 0.000000
 833.500040 0.555469 5.844098 0.000000 0.000000
 834.000040 0.519739 5.796900 0.000000 0.000000
 834.500040 0.558243 5.014708 0.000000 0.000000
 835.000040 0.530508 5.622622 0.000000 0.000000
 835.500040 0.448844 6.457256 0.000000 0.000000
 836.000040 0.293709 4.174809 0.000000 0.000000
 836.500040 0.272909 4.311244 0.000000 0.000000
 837.000040 0.277839 4.636947 0.000000 0.000000
 837.500040 0.307263 4.791123 0.000000 0.000000
 838.000040 0.286185 4.898000 0.000000 0.000000
 838.500040 0.289400 4.960918 0.000000 0.000000
 839.000040 0.262230 4.851085 0.000000 0.000000
 839.500040 0.275927 4.743553 0.000000 0.000000
 840.000040 0.282283 4.917292 0.000000 0.000000
 840.500040 0.263451 4.890055 0.000000 0.000000
 841.000040 0.263773 4.110271 0.000000 0.000000
 841.500040 0.269587 3.511106 0.000000 0.000000
 842.000040 0.264930 4.279856 0.000000 0.000000
 842.500040 0.279224 3.981525 0.000000 0.000000
 843.000040 0.283658 5.207831 0.000000 0.000000
 843.500040 0.303296 4.913254 0.000000 0.000000
 844.000040 0.267578 5.319719 0.000000 0.000000
 844.500040 0.275436 4.824382 0.000000 0.000000
 845.000040 0.285069 4.662159 0.000000 0.000000
 845.500040 0.281930 4.685702 0.000000 0.000000
 846.000040 0.289151 4.882542 0.000000 0.000000
 846.500040 0.264727 5.093940 0.000000 0.000000
 847.000040 0.257688 4.794427 0.000000 0.000000
 847.500040 0.293437 4.257377 0.000000 0.000000
 848.000040 0.260789 4.178563 0.000000 0.000000
 848.500040 0.301540 4.318999 0.000000 0.000000
 849.000040 0.273516 4.276322 0.000000 0.000000
 849.500040 0.281646 4.042076 0.000000 0.000000
 850.000040 0.260113 4.720857 0.000000 0.000000
 850.500040 0.272179 4.120275 0.000000 0.000000
 851.000040 0.266776 4.089332 0.000000 0.000000
 851.500040 0.271282 4.187623 0.000000 0.000000
 852.000040 0.281800 4.696941 0.000000 0.000000
 852.500040 0.271605 5.076786 0.000000 0.000000
 853.000041 0.260928 4.811989 0.000000 0.000000
 853.500041 0.286623 4.808645 0.000000 0.000000
 854.000041 0.279943 4.761457 0.000000 0.000000
 854.500041 0.272733 4.544771 0.000000 0.000000
 855.000041 0.259986 4.469599 0.000000 0.000000
 855.500041 0.268480 4.588265 0.000000 0.000000
 856.000041 0.275562 4.792743 0.000000 0.000000
 856.500041 0.286079 4.190350 0.000000 0.000000
 857.000041 0.274423 4.122875 0.000000 0.000000
 857.500041 0.274611 4.134218 0.000000 0.000000
 858.000041 0.285956 5.012067 0.000000 0.000000
 858.500041 0.298405 5.044873 0.000000 0.000000
 859.000041 0.295781 4.447922 0.000000 0.000000
 859.500041 0.295135 4.876472 0.000000 0.000000
 860.000041 0.295109 5.150647 0.000000 0.000000
 860.500041 0.275651 4.857628 0.000000 0.000000
 861.000041 0.286399 4.938013 0.000000 0.000000
 861.500041 0.272906 4.761459 0.000000 0.000000
 862.000041 0.293555 4.605091 0.000000 0.000000
 862.500041 0.281263 3.917577 0.000000 0.000000
 863.000041 0.291370 4.135370 0.000000 0.000000
 863.500041 0.265620 4.329697 0.000000 0.000000
 864.000041 0.284710 4.570081 0.000000 0.000000
 864.500041 0.271128 4.937676 0.000000 0.000000
 865.000041 0.313535 4.972919 0.000000 0.000000
 865.500041 0.276181 4.977588 0.000000 0.000000
 866.000041 0.284618 4.921556 0.000000 0.000000
 866.500041 0.310437 4.895310 0.000000 0.000000
 867.000041 0.276880 4.905944 0.000000 0.000000
 867.500041 0.270731 4.865628 0.000000 0.000000
 868.000041 0.299636 5.451799 0.000000 0.000000
 868.500041 0.265933 4.903250 0.000000 0.000000
 869.000041 0.271610 4.229799 0.000000 0.000000
 869.500041 0.276043 4.318453 0.000000 0.000000
 870.000041 0.268579 4.063918 0.000000 0.000000
 870.500041 0.276369 4.095483 0.000000 0.000000
 871.000041 0.279785 4.743042 0.000000 0.000000
 871.500041 0.286336 4.006541 0.000000 0.000000
 872.000041 0.269340 3.851301 0.000000 0.000000
 872.500041 0.258442 3.494220 0.000000 0.000000
 873.000041 0.254202 3.860902 0.000000 0.000000
 873.500041 0.266609 3.901492 0.000000 0.000000
 874.000042 0.280763 3.949194 0.000000 0.000000
 874.500042 0.274804 3.915514 0.000000 0.000000
 875.000042 0.275811 4.710724 0.000000 0.000000
 875.500042 0.275951 4.264139 0.000000 0.000000
 876.000042 0.260848 4.658888 0.000000 0.000000
 876.500042 0.264150 4.521193 0.000000 0.000000
 877.000042 0.276537 4.711881 0.000000 0.000000
 877.500042 0.279219 4.005418 0.000000 0.000000
 878.000042 0.259317 4.912963 0.000000 0.000000
 878.500042 0.288105 4.555910 0.000000 0.000000
 879.000042 0.269189 3.852321 0.000000 0.000000
 879.500042 0.269372 4.073642 0.000000 0.000000
 880.000042 0.274385 4.222324 0.000000 0.000000
 880.500042 0.270410 4.404881 0.000000 0.000000
 881.000042 0.264180 4.421180 0.000000 0.000000
 881.500042 0.279873 4.097518 0.000000 0.000000
 882.000042 0.280068 3.967589 0.000000 0.000000
 882.500042 0.265540 4.231764 0.000000 0.000000
 883.000042 0.262590 5.115710 0.000000 0.000000
 883.500042 0.311098 5.084326 0.000000 0.000000
 884.000042 0.304414 4.688474 0.000000 0.000000
 884.500042 0.264430 4.929244 0.000000 0.000000
 885.000042 0.270075 4.203204 0.000000 0.000000
 885.500042 0.278832 4.247336 0.000000 0.000000
 886.000042 0.270092 4.045147 0.000000 0.000000
 886.500042 0.289412 5.033212 0.000000 0.000000
 887.000042 0.265172 5.048239 0.000000 0.000000
 887.500042 0.283258 4.880415 0.000000 0.000000
 888.000042 0.277398 4.760839 0.000000 0.000000
 888.500042 0.276326 4.891312 0.000000 0.000000
 889.000042 0.293439 4.390864 0.000000 0.000000
 889.500042 0.273465 4.697539 0.000000 0.000000
 890.000042 0.296301 4.895942 0.000000 0.000000
 890.500042 0.286990 4.731853 0.000000 0.000000
 891.000042 0.302091 4.089656 0.000000 0.000000
 891.500042 0.279744 4.861330 0.000000 0.000000
 892.000042 0.278375 4.849703 0.000000 0.000000
 892.500042 0.277831 5.006767 0.000000 0.000000
 893.000042 0.272028 4.684459 0.000000 0.000000
 893.500042 0.288945 4.858059 0.000000 0.000000
 894.000042 0.264684 4.502232 0.000000 0.000000
 894.500042 0.261637 5.063604 0.000000 0.000000
 895.000043 0.313574 4.821666 0.000000 0.000000
 895.500043 0.298930 4.851835 0.000000 0.000000
 896.000043 0.295935 4.692811 0.000000 0.000000
 896.500043 0.285273 4.859600 0.000000 0.000000
 897.000043 0.285836 5.109411 0.000000 0.000000
 897.500043 0.297751 4.957303 0.000000 0.000000
 898.000043 0.269677 5.066711 0.000000 0.000000
 898.500043 0.281812 4.937945 0.000000 0.000000
 899.000043 0.269884 4.942396 0.000000 0.000000
 899.500043 0.270039 4.147271 0.000000 0.000000
 900.000043 0.290327 4.605485 0.000000 0.000000
 900.500043 0.267084 4.045009 0.000000 0.000000
 901.000043 0.288609 4.018118 0.000000 0.000000
 901.500043 0.259199 4.144410 0.000000 0.000000
 902.000043 0.276096 4.455120 0.000000 0.000000
 902.500043 0.267661 4.602438 0.000000 0.000000
 903.000043 0.278434 4.277625 0.000000 0.000000
 903.500043 0.255567 3.811707 0.000000 0.000000
 904.000043 0.272669 4.066591 0.000000 0.000000
 904.500043 0.271912 4.162897 0.000000 0.000000
 905.000043 0.279089 3.597352 0.000000 0.000000
 905.500043 0.280627 3.950187 0.000000 0.000000
 906.000043 0.281802 3.894405 0.000000 0.000000
 906.500043 0.271802 4.168835 0.000000 0.000000
 907.000043 0.278063 4.408252 0.000000 0.000000
 907.500043 0.277610 4.094916 0.000000 0.000000
 908.000043 0.299048 4.967258 0.000000 0.000000
 908.500043 0.278063 4.402595 0.000000 0.000000
 909.000043 0.295292 5.417293 0.000000 0.000000
 909.500043 0.286857 4.833046 0.000000 0.000000
 910.000043 0.269929 4.228003 0.000000 0.000000
 910.500043 0.266253 4.824084 0.000000 0.000000
 911.000043 0.366596 5.603679 0.000000 0.000000
 911.500043 0.440534 6.109677 0.000000 0.000000
 912.000043 0.465619 5.445782 0.000000 0.000000
 912.500043 0.438899 5.775493 0.000000 0.000000
 913.000043 0.526704 5.059344 0.000000 0.000000
 913.500043 0.483564 5.549912 0.000000 0.000000
 914.000043 0.511243 6.185245 0.000000 0.000000
 914.500043 0.548526 5.797216 0.000000 0.000000
 915.000043 0.573479 5.932553 0.000000 0.000000
 915.500043 0.643427 6.125000 7.543635 120698.153133
 916.000044 0.622604 5.835581 2.043808 32700.927730
 916.500044 0.628947 5.561613 3.351700 53627.205989
 917.000044 0.448639 5.268835 0.000000 0.000000
 917.500044 0.593117 5.887076 0.000000 0.000000
 918.000044 0.575787 6.262140 0.000000 0.000000
 918.500044 0.509826 5.945468 0.000000 0.000000
 919.000044 0.556502 6.442527 0.000000 0.000000
 919.500044 0.615683 5.999722 0.983841 15741.451341
 920.000044 0.591694 5.725077 0.000000 0.000000
 920.500044 0.589332 5.795552 0.000000 0.000000
 921.000044 0.601164 5.646770 0.005420 86.725877
 921.500044 0.606054 5.643102 0.146581 2345.301420
 922.000044 0.595727 5.727298 0.000000 0.000000
 922.500044 0.611785 5.942221 0.555585 8889.356103
 923.000044 0.616161 5.806217 1.044668 16714.687359
 923.500044 0.606425 5.688565 0.165126 2642.021055
 924.000044 0.616968 5.928638 1.151713 18427.402702
 924.500044 0.613587 5.694930 0.738412 11814.585983
 925.000044 0.588843 5.515580 0.000000 0.000000
 925.500044 0.571180 5.877091 0.000000 0.000000
 926.000044 0.581808 5.669778 0.000000 0.000000
 926.500044 0.603669 6.000102 0.053844 861.501493
 927.000044 0.562998 5.812185 0.000000 0.000000
 927.500044 0.544941 5.626176 0.000000 0.000000
 928.000044 0.527564 6.269097 0.000000 0.000000
 928.500044 0.528078 5.952155 0.000000 0.000000
 929.000044 0.528127 5.683046 0.000000 0.000000
 929.500044 0.532645 5.790036 0.000000 0.000000
 930.000044 0.495289 5.819523 0.000000 0.000000
 930.500044 0.528475 5.871177 0.000000 0.000000
 931.000044 0.524299 5.813388 0.000000 0.000000
 931.500044 0.604490 5.619594 0.080630 1290.086781
 932.000044 0.584843 5.023117 0.000000 0.000000
 932.500044 0.575348 5.572771 0.000000 0.000000
 933.000044 0.584975 6.126589 0.000000 0.000000
 933.500044 0.604759 5.725876 0.090590 1449.441911
 934.000044 0.569304 5.364191 0.000000 0.000000
 934.500044 0.528104 6.055218 0.000000 0.000000
 935.000044 0.574311 5.784948 0.000000 0.000000
 935.500044 0.548721 5.746227 0.000000 0.000000
 936.000044 0.470664 5.972363 0.000000 0.000000
 936.500044 0.491072 5.898470 0.000000 0.000000
 937.000045 0.474694 5.749969 0.000000 0.000000
 937.500045 0.509039 6.094304 0.000000 0.000000
 938.000045 0.462326 6.062053 0.000000 0.000000
 938.500045 0.442034 6.010735 0.000000 0.000000
 939.000045 0.456597 5.904196 0.000000 0.000000
 939.500045 0.484117 5.847672 0.000000 0.000000
 940.000045 0.454001 5.596751 0.000000 0.000000
 940.500045 0.445097 6.028428 0.000000 0.000000
 941.000045 0.501767 5.758000 0.000000 0.000000
 941.500045 0.514824 5.348283 0.000000 0.000000
 942.000045 0.509634 5.195473 0.000000 0.000000
 942.500045 0.555652 5.153589 0.000000 0.000000
 943.000045 0.474022 5.903297 0.000000 0.000000
 943.500045 0.515703 5.910654 0.000000 0.000000
 944.000045 0.540871 5.781151 0.000000 0.000000
 944.500045 0.556475 5.760301 0.000000 0.000000
 945.000045 0.540313 5.838233 0.000000 0.000000
 945.500045 0.533464 5.806542 0.000000 0.000000
 946.000045 0.584235 5.921802 0.000000 0.000000
 946.500045 0.585106 5.889232 0.000000 0.000000
 947.000045 0.588229 5.981190 0.000000 0.000000
 947.500045 0.605103 5.852516 0.104169 1666.711014
 948.000045 0.549269 5.664660 0.000000 0.000000
 948.500045 0.571672 5.808956 0.000000 0.000000
 949.000045 0.492343 4.897256 0.000000 0.000000
 949.500045 0.456036 5.076204 0.000000 0.000000
 950.000045 0.488524 4.857034 0.000000 0.000000
 950.500045 0.475373 4.978200 0.000000 0.000000
 951.000045 0.430378 5.134075 0.000000 0.000000
 951.500045 0.478611 4.894816 0.000000 0.000000
 952.000045 0.472549 5.700588 0.000000 0.000000
 952.500045 0.498094 5.725142 0.000000 0.000000
 953.000045 0.579684 5.679789 0.000000 0.000000
 953.500045 0.511932 5.832167 0.000000 0.000000
 954.000045 0.595455 5.779825 0.000000 0.000000
 954.500045 0.532858 4.709493 0.000000 0.000000
 955.000045 0.494667 5.883362 0.000000 0.000000
 955.500045 0.445598 5.434619 0.000000 0.000000
 956.000045 0.541286 6.119494 0.000000 0.000000
 956.500045 0.492882 5.909350 0.000000 0.000000
 957.000045 0.514831 5.590735 0.000000 0.000000
 957.500045 0.576505 5.809705 0.000000 0.000000
 958.000046 0.571296 6.157268 0.000000 0.000000
 958.500046 0.582377 5.712894 0.000000 0.000000
 959.000046 0.619225 5.828022 1.478370 23653.915342
 959.500046 0.519364 5.948381 0.000000 0.000000
 960.000046 0.584187 4.307096 0.000000 0.000000
 960.500046 0.505576 4.922236 0.000000 0.000000
 961.000046 0.502823 5.927813 0.000000 0.000000
 961.500046 0.560745 5.915587 0.000000 0.000000
 962.000046 0.528487 4.952469 0.000000 0.000000
 962.500046 0.463635 6.600172 0.000000 0.000000
 963.000046 0.442056 5.666790 0.000000 0.000000
 963.500046 0.442567 6.040771 0.000000 0.000000
 964.000046 0.486495 6.025547 0.000000 0.000000
 964.500046 0.499583 6.015774 0.000000 0.000000
 965.000046 0.527338 5.872909 0.000000 0.000000
 965.500046 0.510682 5.691218 0.000000 0.000000
 966.000046 0.453703 6.067328 0.000000 0.000000
 966.500046 0.537663 5.884920 0.000000 0.000000
 967.000046 0.459980 5.845383 0.000000 0.000000
 967.500046 0.527282 5.824439 0.000000 0.000000
 968.000046 0.495448 5.926860 0.000000 0.000000
 968.500046 0.501054 5.855859 0.000000 0.000000
 969.000046 0.517050 5.931008 0.000000 0.000000
 969.500046 0.511182 5.922488 0.000000 0.000000
 970.000046 0.511861 6.012380 0.000000 0.000000
 970.500046 0.536852 6.441253 0.000000 0.000000
 971.000046 0.411482 5.057001 0.000000 0.000000
 971.500046 0.490613 5.361143 0.000000 0.000000
 972.000046 0.493215 4.973324 0.000000 0.000000
 972.500046 0.456080 5.163321 0.000000 0.000000
 973.000046 0.500296 5.856374 0.000000 0.000000
 973.500046 0.490496 6.221964 0.000000 0.000000
 974.000046 0.382802 5.944062 0.000000 0.000000
 974.500046 0.478675 5.361770 0.000000 0.000000
 975.000046 0.496071 5.148783 0.000000 0.000000
 975.500046 0.529778 4.970910 0.000000 0.000000
 976.000046 0.581018 4.985358 0.000000 0.000000
 976.500046 0.591661 5.980096 0.000000 0.000000
 977.000046 0.498612 5.864123 0.000000 0.000000
 977.500046 0.509507 5.809501 0.000000 0.000000
 978.000046 0.543288 5.179257 0.000000 0.000000
 978.500046 0.473151 5.344261 0.000000 0.000000
 979.000047 0.490794 5.938022 0.000000 0.000000
 979.500047 0.494584 4.838710 0.000000 0.000000
 980.000047 0.519996 5.858483 0.000000 0.000000
 980.500047 0.581273 5.899086 0.000000 0.000000
 981.000047 0.499494 4.943658 0.000000 0.000000
 981.500047 0.553169 6.023084 0.000000 0.000000
 982.000047 0.570176 6.519374 0.000000 0.000000
 982.500047 0.613958 5.721331 0.779340 12469.441758
 983.000047 0.609811 5.795261 0.385061 6160.974805
 983.500047 0.559602 5.820501 0.000000 0.000000
 984.000047 0.565787 6.041568 0.000000 0.000000
 984.500047 0.556056 6.565553 0.000000 0.000000
 985.000047 0.572479 5.943940 0.000000 0.000000
 985.500047 0.508184 5.940313 0.000000 0.000000
 986.000047 0.520938 5.837347 0.000000 0.000000
 986.500047 0.542059 5.941533 0.000000 0.000000
 987.000047 0.575488 5.791909 0.000000 0.000000
 987.500047 0.549456 5.300136 0.000000 0.000000
 988.000047 0.532724 5.760313 0.000000 0.000000
 988.500047 0.594139 5.893616 0.000000 0.000000
 989.000047 0.613964 5.988853 0.779947 12479.152052
 989.500047 0.543400 6.097208 0.000000 0.000000
 990.000047 0.581911 5.853444 0.000000 0.000000
 990.500047 0.635371 6.061138 5.004516 80072.262873
 991.000047 0.598162 5.774457 0.000000 0.000000
 991.500047 0.549937 5.700896 0.000000 0.000000
 992.000047 0.586223 5.295206 0.000000 0.000000
 992.500047 0.561970 5.462938 0.000000 0.000000
 993.000047 0.588988 4.883156 0.000000 0.000000
 993.500047 0.590867 5.268310 0.000000 0.000000
 994.000047 0.543523 5.257369 0.000000 0.000000
 994.500047 0.508742 5.309397 0.000000 0.000000
 995.000047 0.480596 5.343871 0.000000 0.000000
 995.500047 0.492722 5.261380 0.000000 0.000000
 996.000047 0.461369 5.863338 0.000000 0.000000
 996.500047 0.511970 5.318501 0.000000 0.000000
 997.000047 0.482975 5.630461 0.000000 0.000000
 997.500047 0.517324 5.588010 0.000000 0.000000
 998.000047 0.540950 5.914569 0.000000 0.000000
 998.500047 0.527450 5.754606 0.000000 0.000000
 999.000047 0.530108 5.941170 0.000000 0.000000
 999.500047 0.474652 6.275929 0.000000 0.000000
 1000.000047 0.460810 5.950238 0.000000 0.000000
