#! FIELDS dist file.free der_dist
#! SET min_dist 0.201562
#! SET max_dist 0.75061
#! SET nbins_dist  157
#! SET periodic_dist false
    0.201562000   54.346041097   -0.635542558
    0.205081538   54.339388023   -3.054110640
    0.208601077   54.317094169  -10.395333770
    0.212120615   54.249878623  -30.300125013
    0.215640154   54.069708358  -77.689332070
    0.219159692   53.640867851 -176.252382273
    0.222679231   52.733172889 -354.753978313
    0.226198769   51.021000548 -635.313223968
    0.229718308   48.143114009 -1013.169712686
    0.233237846   43.827214616 -1440.680624996
    0.236757385   38.045291036 -1828.967425743
    0.240276923   31.119903710 -2074.376200811
    0.243796462   23.700402580 -2101.512741415
    0.247316000   16.599933093 -1897.057105205
    0.250835538   10.551629712 -1517.667028544
    0.254355077    6.000595881 -1065.105148795
    0.257874615    3.012340799 -645.518568359
    0.261394154    1.329216375 -331.194581737
    0.264913692    0.530114674 -142.434944838
    0.268433231    0.204374790  -55.776228007
    0.271952769    0.068346239  -26.676246575
    0.275472308    0.000000000  -10.867113990
    0.278991846    0.011569369   22.421350733
    0.282511385    0.193970250   85.348411504
    0.286030923    0.641522605  169.178839482
    0.289550462    1.384489079  248.156866850
    0.293070000    2.356058973  294.641710593
    0.296589538    3.414981445  297.865125921
    0.300109077    4.418446230  266.182756241
    0.303628615    5.278675369  220.942755522
    0.307148154    5.987894397  182.244448684
    0.310667692    6.595189974  165.062858235
    0.314187231    7.185579375  172.384378039
    0.317706769    7.831848521  193.019014533
    0.321226308    8.544671172  207.437576593
    0.324745846    9.267425754  195.526503501
    0.328265385    9.900986355  160.124437134
    0.331784923   10.396217310  121.278652516
    0.335304462   10.788846280  106.039595110
    0.338824000   11.186709910  122.602971780
    0.342343538   11.676273803  152.798908541
    0.345863077   12.244888524  162.681857219
    0.349382615   12.772482730  127.258145107
    0.352902154   13.098902632   52.150656216
    0.356421692   13.137185037  -29.326372563
    0.359941231   12.935596292  -78.652142160
    0.363460769   12.651307847  -76.274022487
    0.366980308   12.449972904  -35.503181307
    0.370499846   12.411003778   10.539138362
    0.374019385   12.498785035   31.310114916
    0.377538923   12.597896525   18.740334965
    0.381058462   12.605615223  -18.370723513
    0.384578000   12.471551795  -58.456441957
    0.388097538   12.214345051  -85.858835199
    0.391617077   11.888698520  -98.431196634
    0.395136615   11.535011385 -102.932852318
    0.398656154   11.167384941 -106.942019662
    0.402175692   10.786921810 -110.525777630
    0.405695231   10.398018057 -112.323748547
    0.409214769   10.003791660 -113.020071218
    0.412734308    9.600313942 -118.019155547
    0.416253846    9.173540942 -127.021095475
    0.419773385    8.717845190 -132.914477864
    0.423292923    8.254333402 -129.334862777
    0.426812462    7.818514898 -119.188200071
    0.430332000    7.425717854 -106.315105948
    0.433851538    7.075744868  -93.984102826
    0.437371077    6.765559578  -82.849780104
    0.440890615    6.494378565  -73.741160003
    0.444410154    6.247422691  -68.862660654
    0.447929692    6.006547536  -71.297932482
    0.451449231    5.749408866  -76.457941702
    0.454968769    5.478618784  -77.105696689
    0.458488308    5.220779872  -68.881564403
    0.462007846    5.003985478  -55.984393433
    0.465527385    4.832155089  -44.618802778
    0.469046923    4.689923182  -38.313937758
    0.472566462    4.564111060  -34.000549487
    0.476086000    4.455778068  -28.727788660
    0.479605538    4.366913834  -23.883827913
    0.483125077    4.287228489  -24.615820870
    0.486644615    4.193751323  -31.586808047
    0.490164154    4.072581609  -38.048512269
    0.493683692    3.939245682  -38.032912769
    0.497203231    3.818610102  -31.932424540
    0.500722769    3.718309056  -28.499830731
    0.504242308    3.614497085  -32.874486119
    0.507761846    3.487058817  -41.040252061
    0.511281385    3.344703462  -37.859559151
    0.514800923    3.248132420  -16.127508913
    0.518320462    3.250923272   15.296405379
    0.521840000    3.351900108   37.547050523
    0.525359538    3.490630841   35.320203473
    0.528879077    3.584775174   14.675485600
    0.532398615    3.601653409   -5.773063869
    0.535918154    3.571726905   -9.097670270
    0.539437692    3.565191440    5.709687881
    0.542957231    3.626491642   26.380009326
    0.546476769    3.742413875   35.016620123
    0.549996308    3.850113492   21.079300440
    0.553515846    3.876477898   -8.828713127
    0.557035385    3.800853546  -33.663813602
    0.560554923    3.678564317  -32.436086319
    0.564074462    3.612356545   -2.583567535
    0.567594000    3.679338132   38.612822172
    0.571113538    3.877618825   68.757460427
    0.574633077    4.139587305   73.610990794
    0.578152615    4.376822033   56.487314954
    0.581672154    4.533093211   30.099036873
    0.585191692    4.597920570    5.138164142
    0.588711231    4.588910682   -9.605309554
    0.592230769    4.549405903  -12.487078527
    0.595750308    4.524184251   -0.367127895
    0.599269846    4.568685102   25.556883699
    0.602789385    4.725459907   63.243307193
    0.606308923    5.025274310  105.647030862
    0.609828462    5.468868313  142.814866093
    0.613348000    6.018783318  164.415801602
    0.616867538    6.605485831  163.283548371
    0.620387077    7.151223174  142.561535567
    0.623906615    7.611780040  117.954291925
    0.627426154    8.008169195  109.898647352
    0.630945692    8.428915759  133.770975388
    0.634465231    8.992936388  189.690956180
    0.637984769    9.794097489  265.005822687
    0.641504308   10.863300714  338.575854652
    0.645023846   12.157964398  391.264976055
    0.648543385   13.589212558  415.324781209
    0.652062923   15.067412579  420.720862963
    0.655582462   16.559317048  426.882726067
    0.659102000   18.100646762  450.237185305
    0.662621538   19.758299319  492.417350438
    0.666141077   21.573816779  535.370375989
    0.669660615   23.513255524  561.140650971
    0.673180154   25.505283702  566.187427227
    0.676699692   27.506414608  571.662850094
    0.680219231   29.568519422  605.008743657
    0.683738769   31.817659078  676.486629465
    0.687258308   34.359748903  766.198405979
    0.690777846   37.188370047  831.811280515
    0.694297385   40.149506502  837.716957479
    0.697816923   43.007367067  774.025660318
    0.701336462   45.543614590  658.714072232
    0.704856000   47.629885358  524.815082420
    0.708375538   49.255229451  401.114465991
    0.711895077   50.490855950  305.412194430
    0.715414615   51.445445240  239.977212046
    0.718934154   52.211207607  197.146415582
    0.722453692   52.845622841  162.839665189
    0.725973231   53.361267523  128.638082948
    0.729492769   53.753597230   93.184928321
    0.733012308   54.023207266   60.610196165
    0.736531846   54.188962825   34.659208072
    0.740051385   54.278710137   17.277270544
    0.743570923   54.321229075    7.484323751
    0.747090462   54.338489672    2.919567182
    0.750610000   54.344849212    0.993909830
