#! FIELDS dist file.free der_dist
#! SET min_dist 0.201562
#! SET max_dist 0.75061
#! SET nbins_dist  157
#! SET periodic_dist false
    0.201562000   54.963199534   -0.635542558
    0.205081538   54.956447948   -3.093355078
    0.208601077   54.933876098  -10.532204528
    0.212120615   54.865750937  -30.723802577
    0.215640154   54.682978420  -78.838701777
    0.219159692   54.247621352 -178.977999189
    0.222679231   53.325631173 -360.400981464
    0.226198769   51.586026844 -645.521228377
    0.229718308   48.662108895 -1029.261921327
    0.233237846   44.278780593 -1462.779816644
    0.236757385   38.410687759 -1855.402672209
    0.240276923   31.389141310 -2101.980824251
    0.243796462   23.875586497 -2126.819431719
    0.247316000   16.693937722 -1917.584599737
    0.250835538   10.583462111 -1532.389446049
    0.254355077    5.990975946 -1073.965905489
    0.257874615    2.981392986 -648.855888588
    0.261394154    1.295167762 -329.813607956
    0.264913692    0.506794723 -138.105395897
    0.268433231    0.197482340  -51.273044411
    0.271952769    0.073267269  -24.860027610
    0.275472308    0.003984120  -13.296688902
    0.278991846    0.000000000   16.275630647
    0.282511385    0.157224749   77.616823494
    0.286030923    0.578274214  162.066095832
    0.289550462    1.298858317  242.504274321
    0.293070000    2.251528931  289.199262721
    0.296589538    3.288273261  290.302242724
    0.300109077    4.258935026  254.972280364
    0.303628615    5.074277705  207.022544197
    0.307148154    5.734795419  169.221483955
    0.310667692    6.305004378  157.802857626
    0.314187231    6.885940297  174.683875506
    0.317706769    7.559105275  205.860616978
    0.321226308    8.332708754  228.487418914
    0.324745846    9.137277407  220.008265101
    0.328265385    9.854992253  182.561945582
    0.331784923   10.418951265  137.311931071
    0.335304462   10.853808756  113.941000735
    0.338824000   11.266783556  123.723248623
    0.342343538   11.753516652  150.751430753
    0.345863077   12.315635445  161.666823275
    0.349382615   12.846416768  130.400107014
    0.352902154   13.193453757   60.700463519
    0.356421692   13.270772037  -15.990752049
    0.359941231   13.121794427  -62.531587048
    0.363460769   12.895038189  -60.278517700
    0.366980308   12.745213725  -22.794722746
    0.370499846   12.741130443   17.265983741
    0.374019385   12.839778545   30.679821052
    0.377538923   12.924234922   11.291355689
    0.381058462   12.897127266  -30.199355837
    0.384578000   12.719016486  -71.059353904
    0.388097538   12.421638117  -95.529533667
    0.391617077   12.071382429 -102.440203458
    0.395136615   11.715443157 -100.189273928
    0.398656154   11.368408939  -98.341656420
    0.402175692   11.024819318  -98.740432156
    0.405695231   10.677529269 -101.144267107
    0.409214769   10.316087267 -106.087872482
    0.412734308    9.925901484 -117.615075516
    0.416253846    9.488316575 -133.480974779
    0.419773385    8.999521338 -144.958765570
    0.423292923    8.486490800 -145.110283800
    0.426812462    7.991026655 -137.112187898
    0.430332000    7.533038128 -125.303316706
    0.433851538    7.115702396 -113.120979221
    0.437371077    6.739603459 -100.985873041
    0.440890615    6.408553299  -89.409326513
    0.444410154    6.112900985  -80.661153270
    0.447929692    5.838914287  -78.168005845
    0.451449231    5.567407738  -77.631617819
    0.454968769    5.303459320  -71.955543725
    0.458488308    5.075426710  -57.132200182
    0.462007846    4.910700584  -38.416926059
    0.465527385    4.807686470  -23.620165178
    0.469046923    4.740165427  -17.565983530
    0.472566462    4.681425862  -17.169172733
    0.476086000    4.621817862  -18.110899451
    0.479605538    4.559009342  -19.529505996
    0.483125077    4.486170955  -24.712567333
    0.486644615    4.388567546  -33.419727508
    0.490164154    4.261670006  -39.168836239
    0.493683692    4.127981744  -36.994059523
    0.497203231    4.015449316  -28.418105620
    0.500722769    3.931334955  -22.975290997
    0.504242308    3.849407446  -26.144571253
    0.507761846    3.746600059  -33.908956667
    0.511281385    3.628854905  -31.147857458
    0.514800923    3.553918304  -10.706901809
    0.518320462    3.572186944   18.517861232
    0.521840000    3.679381058   37.731687500
    0.525359538    3.812583684   31.906043679
    0.528879077    3.888161119    7.556670203
    0.532398615    3.874120495  -16.088259883
    0.535918154    3.804136045  -21.293385004
    0.539437692    3.754367601   -6.300277777
    0.542957231    3.777209072   16.907464075
    0.546476769    3.867289123   30.055339647
    0.549996308    3.967262779   21.736980083
    0.553515846    4.006146128   -2.453370185
    0.557035385    3.961885324  -22.445566079
    0.560554923    3.885085302  -18.178234904
    0.564074462    3.870731270   12.142027072
    0.567594000    3.986159869   50.940259207
    0.571113538    4.220089396   76.398587866
    0.574633077    4.499060567   75.618229896
    0.578152615    4.734312604   53.592112161
    0.581672154    4.874662031   24.342322762
    0.585191692    4.917920581   -0.990992885
    0.588711231    4.889834810  -14.083275582
    0.592230769    4.838934138  -14.482995783
    0.595750308    4.810643375   -0.271049730
    0.599269846    4.857711317   26.729353337
    0.602789385    5.019499224   64.868852835
    0.606308923    5.326233351  108.089941800
    0.609828462    5.781381231  147.131812186
    0.613348000    6.351034014  171.352093798
    0.616867538    6.966222303  172.306932396
    0.620387077    7.544552528  151.606064994
    0.623906615    8.032879935  124.219425532
    0.627426154    8.442801530  111.022404256
    0.630945692    8.856831347  128.746451819
    0.634465231    9.393067247  179.129006031
    0.637984769   10.149926704  250.794708873
    0.641504308   11.166703686  323.503046763
    0.645023846   12.411564208  378.570237906
    0.648543385   13.806819919  407.969310132
    0.652062923   15.271428738  420.490271358
    0.655582462   16.775321354  433.734122992
    0.659102000   18.350981275  462.513596411
    0.662621538   20.057917472  507.752006542
    0.666141077   21.929630314  551.675847310
    0.669660615   23.925978369  576.983424955
    0.673180154   25.971489681  580.578104902
    0.676699692   28.019558667  583.827361053
    0.680219231   30.119707663  614.391945163
    0.683738769   32.396760247  682.980256306
    0.687258308   34.957150335  770.172002161
    0.690777846   37.796342376  833.955144353
    0.694297385   40.762937631  838.701226765
    0.697816923   43.623142377  774.439582104
    0.701336462   46.160319575  658.865734376
    0.704856000   48.246912453  524.863634007
    0.708375538   49.872387888  401.114465991
    0.711895077   51.108014388  305.412194430
    0.715414615   52.062603678  239.977212046
    0.718934154   52.828366045  197.146415582
    0.722453692   53.462781279  162.839665189
    0.725973231   53.978425960  128.638082948
    0.729492769   54.370755668   93.184928321
    0.733012308   54.640365703   60.610196165
    0.736531846   54.806121262   34.659208072
    0.740051385   54.895868575   17.277270544
    0.743570923   54.938387512    7.484323751
    0.747090462   54.955648109    2.919567182
    0.750610000   54.962007649    0.993909830
