#! FIELDS dist file.free der_dist
#! SET min_dist 0.201562
#! SET max_dist 0.75061
#! SET nbins_dist  157
#! SET periodic_dist false
    0.201562000   48.141801996   -0.257571407
    0.205081538   48.138328012   -1.567323586
    0.208601077   48.126107805   -5.751196033
    0.212120615   48.087297725  -17.743485095
    0.215640154   47.978317779  -47.771111722
    0.219159692   47.707431893 -113.323623598
    0.222679231   47.109448525 -238.065515223
    0.226198769   45.932828199 -445.053638930
    0.229718308   43.868266873 -741.786617239
    0.233237846   40.630187008 -1104.920347853
    0.236757385   36.080611171 -1474.152745248
    0.240276923   30.345500829 -1763.777437221
    0.243796462   23.854080672 -1892.342299426
    0.247316000   17.267323300 -1815.130967387
    0.250835538   11.302375664 -1546.124248513
    0.254355077    6.527140101 -1154.357745198
    0.257874615    3.203323125 -738.285798137
    0.261394154    1.250314834 -387.556556651
    0.264913692    0.336476431 -152.075208380
    0.268433231    0.039608451  -33.689286012
    0.271952769    0.000000000    1.814803463
    0.275472308    0.012478254    4.239575963
    0.278991846    0.042488822   18.344673610
    0.282511385    0.184472923   68.591167670
    0.286030923    0.566386209  150.949527897
    0.289550462    1.254151752  236.028893406
    0.293070000    2.195886543  289.787068251
    0.296589538    3.245614354  296.951129848
    0.300109077    4.248046272  266.467918204
    0.303628615    5.112182797  223.542432558
    0.307148154    5.841351477  192.205536509
    0.310667692    6.505148902  188.267699397
    0.314187231    7.205487754  211.965764137
    0.317706769    8.015770645  245.651423274
    0.321226308    8.921203078  262.033455854
    0.324745846    9.815246786  235.556589184
    0.328265385   10.540212625  170.222284301
    0.331784923   11.007924163   95.961193657
    0.335304462   11.260404804   54.796573397
    0.338824000   11.462035565   66.695530341
    0.342343538   11.780745563  115.058111262
    0.345863077   12.269212503  155.848928169
    0.349382615   12.824156748  148.044447138
    0.352902154   13.249239920   84.231502014
    0.356421692   13.390853384   -5.354270824
    0.359941231   13.238692818  -75.634008030
    0.363460769   12.924949558  -95.002485912
    0.366980308   12.631770092  -66.528319973
    0.370499846   12.481953467  -18.729934832
    0.374019385   12.487620161   15.850153912
    0.377538923   12.566695113   23.520815205
    0.381058462   12.627739702    6.898580711
    0.384578000   12.612527820  -17.069444268
    0.388097538   12.518944454  -35.400492966
    0.391617077   12.374261953  -47.380484290
    0.395136615   12.187837983  -60.097604292
    0.398656154   11.944009730  -80.256030864
    0.402175692   11.621481437 -104.367702527
    0.405695231   11.219075987 -125.026451867
    0.409214769   10.757700098 -136.563558003
    0.412734308   10.268962703 -140.726789345
    0.416253846    9.778847376 -138.820751623
    0.419773385    9.307686932 -129.626843903
    0.423292923    8.878956247 -113.573743008
    0.426812462    8.510977133  -97.240457756
    0.430332000    8.196658020  -84.287306989
    0.433851538    7.918318133  -75.464105945
    0.437371077    7.663266448  -70.199057564
    0.440890615    7.421713824  -69.892316214
    0.444410154    7.167083148  -77.326427875
    0.447929692    6.871160341  -93.884423933
    0.451449231    6.512310027 -110.558595264
    0.454968769    6.110657965 -115.846871985
    0.458488308    5.720815443 -103.604605925
    0.462007846    5.398419404  -80.444720062
    0.465527385    5.161625444  -56.880706084
    0.469046923    4.993700439  -41.041331984
    0.472566462    4.866778389  -32.716440327
    0.476086000    4.760772273  -29.336008113
    0.479605538    4.659802522  -30.201549821
    0.483125077    4.547670608  -35.878530619
    0.486644615    4.413445910  -41.964786847
    0.490164154    4.269285581  -39.031078048
    0.493683692    4.158128247  -23.620797219
    0.497203231    4.115060550   -2.895926389
    0.500722769    4.131209975    6.931063951
    0.504242308    4.145272119   -3.064779735
    0.507761846    4.097353721  -26.504823239
    0.511281385    3.974004047  -41.242319987
    0.514800923    3.839733517  -32.840705245
    0.518320462    3.771140848   -7.059451128
    0.521840000    3.792080370   15.315980379
    0.525359538    3.855791791   15.283974282
    0.528879077    3.883697659   -2.536314203
    0.532398615    3.848785340  -16.914815758
    0.535918154    3.799708314   -7.374176611
    0.539437692    3.831933663   26.967990596
    0.542957231    4.003353782   67.029632731
    0.546476769    4.281987411   84.609514606
    0.549996308    4.554136626   62.025616780
    0.553515846    4.685201553    8.157289502
    0.557035385    4.617981103  -45.223368144
    0.560554923    4.415245440  -64.231617062
    0.564074462    4.224170350  -38.843245996
    0.567594000    4.176959305   12.159486771
    0.571113538    4.310410768   59.128094732
    0.574633077    4.567757343   80.223830532
    0.578152615    4.849801214   74.593075738
    0.581672154    5.081756649   54.435874862
    0.585191692    5.237357716   31.967847792
    0.588711231    5.323287095   17.299507165
    0.592230769    5.374373050   11.831533359
    0.595750308    5.424046702   17.508539928
    0.599269846    5.513763737   33.221640026
    0.602789385    5.677728937   60.119048692
    0.606308923    5.953418639   96.495695255
    0.609828462    6.366817191  136.651382321
    0.613348000    6.913464722  170.121576195
    0.616867538    7.546280198  183.664726906
    0.620387077    8.181403910  171.442813891
    0.623906615    8.739022112  141.971825113
    0.627426154    9.190729429  115.728124641
    0.630945692    9.590036054  116.147332314
    0.634465231   10.057792313  154.717959777
    0.637984769   10.724450964  226.176406889
    0.641504308   11.668158231  307.716123015
    0.645023846   12.874098909  371.756269278
    0.648543385   14.249920356  402.220660584
    0.652062923   15.681651193  406.464416501
    0.655582462   17.113065668  406.563862482
    0.659102000   18.570775111  423.502451078
    0.662621538   20.126343689  461.987556047
    0.666141077   21.834107199  505.843791538
    0.669660615   23.678782739  538.170159240
    0.673180154   25.608871271  554.936122066
    0.676699692   27.592349405  572.750155117
    0.680219231   29.670513966  611.282848567
    0.683738769   31.930350750  673.864593014
    0.687258308   34.422521801  738.182145729
    0.690777846   37.088605191  766.421543450
    0.694297385   39.747430012  732.000141567
    0.697816923   42.170232058  634.705419058
    0.701336462   44.175233662  498.786052568
    0.704856000   45.682286302  357.888542481
    0.708375538   46.720279422  235.579886303
    0.711895077   47.378234508  142.768657997
    0.715414615   47.763613563   79.218886082
    0.718934154   47.968974292   40.665142352
    0.722453692   48.070821887   18.645346449
    0.725973231   48.116286409    7.470760778
    0.729492769   48.134018634    2.624101550
    0.733012308   48.139795323    0.916388118
    0.736531846   48.141704564    0.279826125
    0.740051385   48.142436889   -0.000000000
    0.743570923   48.142436889   -0.000000000
    0.747090462   48.142436889   -0.000000000
    0.750610000   48.142436889   -0.000000000
