#! FIELDS dist file.free der_dist
#! SET min_dist 0.201562
#! SET max_dist 0.75061
#! SET nbins_dist  157
#! SET periodic_dist false
    0.201562000   56.982245487   -0.852358198
    0.205081538   56.973853742   -3.857510513
    0.208601077   56.946351510  -12.764555811
    0.212120615   56.865091483  -36.394527680
    0.215640154   56.651329075  -91.513435296
    0.219159692   56.151518552 -203.892037911
    0.222679231   55.111674300 -403.344296947
    0.226198769   53.183109778 -710.186837759
    0.229718308   49.995036722 -1113.724241413
    0.233237846   45.292758764 -1557.259051558
    0.236757385   39.097687984 -1943.736096187
    0.240276923   31.801238776 -2167.397114398
    0.243796462   24.113813175 -2159.446246722
    0.247316000   16.874104993 -1919.258313339
    0.250835538   10.794937741 -1515.577154335
    0.254355077    6.269534944 -1055.332420653
    0.257874615    3.308430814 -641.480343627
    0.261394154    1.620003772 -338.430494500
    0.264913692    0.777372643 -159.186223029
    0.268433231    0.383444483  -76.804245419
    0.271952769    0.173396670  -46.990593720
    0.275472308    0.039392468  -27.549574813
    0.278991846    0.000000000    9.917227180
    0.282511385    0.144611943   75.954375320
    0.286030923    0.561450949  160.508023284
    0.289550462    1.271601266  237.710599550
    0.293070000    2.200874086  280.922292534
    0.296589538    3.206235478  281.426258851
    0.300109077    4.151167989  249.844484189
    0.303628615    4.960176148  208.825679840
    0.307148154    5.639692600  177.826320551
    0.310667692    6.247641673  169.813947967
    0.314187231    6.869828601  185.268750629
    0.317706769    7.571941443  211.231625929
    0.321226308    8.353322044  227.527655352
    0.324745846    9.145534824  214.292645893
    0.328265385    9.838789265  174.753653419
    0.331784923   10.374702033  129.297014445
    0.335304462   10.781627411  105.898006330
    0.338824000   11.164977911  114.719770991
    0.342343538   11.617449364  140.208907064
    0.345863077   12.141480757  150.873692967
    0.349382615   12.638495907  122.565051849
    0.352902154   12.968673361   59.383307132
    0.356421692   13.055500250   -9.370914347
    0.359941231   12.941028703  -50.336144657
    0.363460769   12.759276252  -47.934789422
    0.366980308   12.644989930  -15.700319695
    0.370499846   12.653577107   17.479726930
    0.374019385   12.745169278   27.229906347
    0.377538923   12.819443388    9.745765967
    0.381058462   12.795798293  -26.623650757
    0.384578000   12.636855144  -64.729257579
    0.388097538   12.356351388  -93.767794244
    0.391617077   11.992007173 -113.443699764
    0.395136615   11.568259130 -127.933767032
    0.398656154   11.097828895 -139.649104224
    0.402175692   10.598597135 -143.979928916
    0.405695231   10.103785730 -137.703750204
    0.409214769    9.645597967 -123.128934409
    0.412734308    9.238635304 -109.834922362
    0.416253846    8.870877696 -102.486155347
    0.419773385    8.522029543  -98.139734314
    0.423292923    8.186515140  -92.973469442
    0.426812462    7.868397711  -90.145308917
    0.430332000    7.554837159  -91.177376685
    0.433851538    7.229463398  -95.142591078
    0.437371077    6.889632106  -97.884504596
    0.440890615    6.550059088  -96.450331697
    0.444410154    6.220638325  -92.015451239
    0.447929692    5.906624645  -89.051597984
    0.451449231    5.601433910  -85.907084158
    0.454968769    5.312585441  -78.251150296
    0.458488308    5.062448791  -64.014249476
    0.462007846    4.868193788  -48.855072465
    0.465527385    4.719649358  -39.158004172
    0.469046923    4.589560973  -37.179297752
    0.472566462    4.459854526  -37.156259492
    0.476086000    4.336348221  -33.775638498
    0.479605538    4.231105678  -27.737071288
    0.483125077    4.142644772  -25.833748390
    0.486644615    4.048807599  -31.048138997
    0.490164154    3.929576245  -37.919176956
    0.493683692    3.793624564  -39.819093460
    0.497203231    3.664325222  -34.836719080
    0.500722769    3.555934507  -29.749596894
    0.504242308    3.454921290  -29.861326585
    0.507761846    3.346608705  -33.467435065
    0.511281385    3.235124309  -28.620051511
    0.514800923    3.167715336   -9.588271420
    0.518320462    3.184131501   16.124920658
    0.521840000    3.277522499   32.507774841
    0.525359538    3.391354401   26.581885902
    0.528879077    3.452304221    4.827225399
    0.532398615    3.435584022  -14.880295623
    0.535918154    3.376944883  -16.202508691
    0.539437692    3.351155324    2.066245019
    0.542957231    3.408511254   27.985943492
    0.546476769    3.542018940   43.513686445
    0.549996308    3.693288214   37.241241619
    0.553515846    3.789880664   14.647870851
    0.557035385    3.807459755   -4.640955519
    0.560554923    3.792633278   -1.115135809
    0.564074462    3.834450027   26.581571475
    0.567594000    3.993492525   60.914740905
    0.571113538    4.252920837   80.713235298
    0.574633077    4.536944844   74.206137406
    0.578152615    4.758875275   47.629504688
    0.581672154    4.873000869   15.623002992
    0.585191692    4.883208414  -10.974477327
    0.588711231    4.818740440  -24.829425148
    0.592230769    4.728290543  -26.389729924
    0.595750308    4.655713312  -13.617171830
    0.599269846    4.654390586   12.740370853
    0.602789385    4.768579792   52.153030979
    0.606308923    5.036542464   99.120806237
    0.609828462    5.470254209  144.158090400
    0.613348000    6.042167644  175.694026941
    0.616867538    6.685750882  183.848916330
    0.620387077    7.314981476  168.462025435
    0.623906615    7.866993716  142.794360184
    0.627426154    8.339376556  127.287830828
    0.630945692    8.802529751  140.074954429
    0.634465231    9.369491421  185.449274204
    0.637984769   10.142658396  254.044804154
    0.641504308   11.168465701  325.460520927
    0.645023846   12.417763906  378.746419579
    0.648543385   13.806619950  403.420354821
    0.652062923   15.242232991  408.117744545
    0.655582462   16.687792714  413.155860182
    0.659102000   18.182198255  437.970066063
    0.662621538   19.805987570  486.261893462
    0.666141077   21.616630252  538.911966517
    0.669660615   23.583890070  572.386750665
    0.673180154   25.616965766  576.255253160
    0.676699692   27.633007431  567.867340115
    0.680219231   29.641867520  577.382701786
    0.683738769   31.748584949  623.824295702
    0.687258308   34.075313479  699.108953681
    0.690777846   36.672612451  771.600529859
    0.694297385   39.473106185  810.890803823
    0.697816923   42.330426388  803.383553282
    0.701336462   45.084403516  752.812829943
    0.704856000   47.602311087  672.382271007
    0.708375538   49.802142944  574.409890685
    0.711895077   51.644910056  471.956142132
    0.715414615   53.136101893  375.303583826
    0.718934154   54.307014357  291.684172657
    0.722453692   55.206221635  220.031185290
    0.725973231   55.872452520  158.756642763
    0.729492769   56.339713721  106.994912274
    0.733012308   56.641699186   66.215074900
    0.736531846   56.820081976   36.576695911
    0.740051385   56.913963884   17.843670794
    0.743570923   56.958012799    7.484323751
    0.747090462   56.975273396    2.919567182
    0.750610000   56.981632936    0.993909830
