#! FIELDS dist file.free der_dist
#! SET min_dist 0.201562
#! SET max_dist 0.75061
#! SET nbins_dist  157
#! SET periodic_dist false
    0.201562000   57.685244283   -0.868764096
    0.205081538   57.676548391   -3.989959671
    0.208601077   57.648072488  -13.229000195
    0.212120615   57.563804826  -37.774289511
    0.215640154   57.341825481  -95.092753180
    0.219159692   56.822270032 -212.024307101
    0.222679231   55.740829350 -419.492134589
    0.226198769   53.735688715 -738.103284536
    0.229718308   50.425152383 -1155.445929413
    0.233237846   45.554185643 -1610.549775884
    0.236757385   39.161989612 -2000.693180510
    0.240276923   31.675972494 -2216.036132341
    0.243796462   23.849222703 -2188.442735626
    0.247316000   16.550943783 -1923.384835461
    0.250835538   10.497068360 -1498.344420221
    0.254355077    6.055443800 -1026.950977079
    0.257874615    3.196479175 -613.572974069
    0.261394154    1.592877847 -318.983284189
    0.264913692    0.799701833 -150.433854831
    0.268433231    0.420758721  -76.406096981
    0.271952769    0.203438079  -50.828129749
    0.275472308    0.053824013  -32.124187858
    0.278991846    0.000000000    6.473357288
    0.282511385    0.135283993   74.056995942
    0.286030923    0.547872693  159.787424027
    0.289550462    1.256924733  237.658400408
    0.293070000    2.186530924  281.067996962
    0.296589538    3.192460491  281.592454761
    0.300109077    4.138149171  250.138927457
    0.303628615    4.948659615  209.400729838
    0.307148154    5.630655987  178.595910498
    0.310667692    6.241301791  170.500605176
    0.314187231    6.865559562  185.725252707
    0.317706769    7.569141247  211.637796941
    0.321226308    8.352170634  228.053673230
    0.324745846    9.146187530  214.670104114
    0.328265385    9.839717098  174.427347639
    0.331784923   10.373143129  128.274678798
    0.335304462   10.776892833  105.367638274
    0.338824000   11.162026993  116.544283053
    0.342343538   11.626955776  145.489534405
    0.345863077   12.175100047  159.005808841
    0.349382615   12.703127168  131.683394436
    0.352902154   13.064556975   67.821639554
    0.356421692   13.179412790   -1.766886043
    0.359941231   13.092163213  -42.188558939
    0.363460769   12.942885858  -37.401803695
    0.366980308   12.871313104   -2.013388294
    0.370499846   12.932131422   33.079325532
    0.374019385   13.077706601   41.711677162
    0.377538923   13.195639903   19.475266937
    0.381058462   13.193747103  -24.358659068
    0.384578000   13.028148728  -70.775395080
    0.388097538   12.713056245 -107.071276913
    0.391617077   12.292667439 -131.514400760
    0.395136615   11.801798109 -147.419692222
    0.398656154   11.265505859 -157.027306635
    0.402175692   10.713211594 -156.445223063
    0.405695231   10.185214388 -144.068607647
    0.409214769    9.714250864 -124.371646946
    0.412734308    9.308452663 -108.441835682
    0.416253846    8.946088993 -101.223542087
    0.419773385    8.598515793  -98.865074720
    0.423292923    8.256069022  -96.154533627
    0.426812462    7.923233980  -95.163524778
    0.430332000    7.590547159  -96.814180582
    0.433851538    7.246431368  -99.890379032
    0.437371077    6.893818609 -100.128082137
    0.440890615    6.552846079  -94.888397408
    0.444410154    6.236369209  -86.344343583
    0.447929692    5.947746847  -80.700395276
    0.451449231    5.672394608  -77.919952494
    0.454968769    5.405883390  -74.066257727
    0.458488308    5.160176838  -65.893099816
    0.462007846    4.948280712  -56.825601968
    0.465527385    4.763889457  -51.084978544
    0.469046923    4.589657759  -49.797216057
    0.472566462    4.419045199  -47.389524056
    0.476086000    4.266631041  -39.825450566
    0.479605538    4.147795444  -29.544069992
    0.483125077    4.058607359  -24.773704878
    0.486644615    3.970825316  -29.003495519
    0.490164154    3.858333469  -36.302444708
    0.493683692    3.726492869  -39.118317156
    0.497203231    3.598246885  -34.903078899
    0.500722769    3.488467086  -30.521803013
    0.504242308    3.382889315  -31.816769177
    0.507761846    3.264381826  -37.448340680
    0.511281385    3.134683029  -34.979725307
    0.514800923    3.041842118  -17.455277918
    0.518320462    3.031087441    8.950012762
    0.521840000    3.104440064   28.655101640
    0.525359538    3.213339517   27.733362118
    0.528879077    3.287150194   10.756959635
    0.532398615    3.297108573   -6.029335434
    0.535918154    3.271613582   -6.516831239
    0.539437692    3.280019900   11.788644111
    0.542957231    3.372551254   38.399301297
    0.546476769    3.545299903   55.396379887
    0.549996308    3.740006355   49.666791101
    0.553515846    3.876873538   24.415122491
    0.557035385    3.918053257   -1.658899161
    0.560554923    3.897697475   -7.435444815
    0.564074462    3.901825569   11.944261065
    0.567594000    4.000999405   42.443637002
    0.571113538    4.197714748   64.514453202
    0.574633077    4.436715980   65.475832901
    0.578152615    4.645001878   48.708915269
    0.581672154    4.779286684   25.571820158
    0.585191692    4.835231816    4.302671519
    0.588711231    4.826961250   -9.040389630
    0.592230769    4.785979761  -14.790505567
    0.595750308    4.741589737   -9.646590091
    0.599269846    4.738160413    7.462312028
    0.602789385    4.817552447   37.822403658
    0.606308923    5.021412487   77.382502501
    0.609828462    5.369498017  117.749378117
    0.613348000    5.845532904  148.255991781
    0.616867538    6.397234231  159.811121078
    0.620387077    6.954663294  152.374748721
    0.623906615    7.469362101  138.009413703
    0.627426154    7.946273246  134.426238043
    0.630945692    8.451516186  156.013386069
    0.634465231    9.081398294  204.105002698
    0.637984769    9.914976553  268.711435155
    0.641504308   10.978504775  331.819206697
    0.645023846   12.234899695  376.741778239
    0.648543385   13.607214548  396.844615990
    0.652062923   15.019368044  402.150184503
    0.655582462   16.450964007  411.538634954
    0.659102000   17.948708303  441.256098194
    0.662621538   19.589909607  492.327023512
    0.666141077   21.422617863  544.907799811
    0.669660615   23.408423312  576.784632779
    0.673180154   25.454846752  579.646831156
    0.676699692   27.484021202  572.328192084
    0.680219231   29.513898203  585.196936067
    0.683738769   31.656709418  636.710879269
    0.687258308   34.039407664  718.086932881
    0.690777846   36.714843070  796.972350253
    0.694297385   39.614908822  841.712733396
    0.697816923   42.586967268  837.164325768
    0.701336462   45.459475873  785.678012128
    0.704856000   48.085688496  700.466512867
    0.708375538   50.372317843  595.383020427
    0.711895077   52.275858877  485.625240493
    0.715414615   53.804298800  383.047039144
    0.718934154   54.995121186  295.497073829
    0.722453692   55.903610667  221.661811433
    0.725973231   56.573568490  159.379388906
    0.729492769   57.042174591  107.202551347
    0.733012308   57.344738464   66.215074900
    0.736531846   57.523121253   36.576695911
    0.740051385   57.617003161   17.843670794
    0.743570923   57.661052076    7.484323751
    0.747090462   57.678312673    2.919567182
    0.750610000   57.684672214    0.993909830
