#! FIELDS dist file.free der_dist
#! SET min_dist 0.201562
#! SET max_dist 0.75061
#! SET nbins_dist  157
#! SET periodic_dist false
    0.201562000   53.804291983   -0.635542558
    0.205081538   53.797638909   -3.054110640
    0.208601077   53.775352478  -10.392220785
    0.212120615   53.708171456  -30.283635806
    0.215640154   53.528141452  -77.623080592
    0.219159692   53.099747000 -176.044400652
    0.222679231   52.193344024 -354.180174829
    0.226198769   50.484447257 -633.929888597
    0.229718308   47.613935937 -1010.221671337
    0.233237846   43.312643105 -1435.153796122
    0.236757385   37.556246372 -1819.842377344
    0.240276923   30.670298257 -2061.071501899
    0.243796462   23.304656592 -2084.360446611
    0.247316000   16.269465185 -1877.413731498
    0.250835538   10.291796126 -1497.526214337
    0.254355077    5.809608820 -1046.411428540
    0.257874615    2.882546981 -629.602614123
    0.261394154    1.249607070 -318.653815581
    0.264913692    0.488497201 -133.398792176
    0.268433231    0.188447911  -50.215934140
    0.271952769    0.066013615  -24.484925502
    0.275472308    0.000000000  -11.621277612
    0.278991846    0.005216986   19.819933001
    0.282511385    0.177946365   82.822806171
    0.286030923    0.620139108  169.026418164
    0.289550462    1.369374640  252.057748798
    0.293070000    2.362042905  302.562199959
    0.296589538    3.452959134  307.619741856
    0.300109077    4.488734896  274.156340792
    0.303628615    5.368488914  223.599444649
    0.307148154    6.074444641  177.603390401
    0.310667692    6.652841234  153.563442517
    0.314187231    7.194113112  156.536759177
    0.317706769    7.782094429  176.358095073
    0.321226308    8.439908042  193.387960990
    0.324745846    9.121473021  186.479386086
    0.328265385    9.733799423  157.198600139
    0.331784923   10.229545533  124.423922958
    0.335304462   10.642539358  114.235504823
    0.338824000   11.075584693  134.059869546
    0.342343538   11.607555921  164.981555049
    0.345863077   12.215888874  172.583594531
    0.349382615   12.769932444  132.005481424
    0.352902154   13.101086102   49.950262218
    0.356421692   13.119237425  -38.306988534
    0.359941231   12.877260336  -92.062894443
    0.363460769   12.543648574  -90.145806539
    0.366980308   12.298763464  -45.777354410
    0.370499846   12.234108897    6.457911128
    0.374019385   12.318995663   33.585206533
    0.377538923   12.434370591   25.217888545
    0.381058462   12.467639986  -10.871966802
    0.384578000   12.357450928  -52.729128843
    0.388097538   12.114723811  -83.480169235
    0.391617077   11.790961611  -99.695226346
    0.395136615   11.427057721 -107.277829427
    0.398656154   11.040027864 -113.373139935
    0.402175692   10.635193636 -117.685971309
    0.405695231   10.222095343 -118.649510599
    0.409214769    9.808972008 -117.297759168
    0.412734308    9.394609639 -119.972140741
    0.416253846    8.963850805 -127.581960249
    0.419773385    8.506094326 -133.825077513
    0.423292923    8.036132995 -132.282746485
    0.426812462    7.585130547 -124.834407186
    0.430332000    7.168689715 -113.846563465
    0.433851538    6.791754370 -101.360382617
    0.437371077    6.459172390  -87.846457907
    0.440890615    6.176857929  -74.897468660
    0.444410154    5.933028972  -65.974307799
    0.447929692    5.708467353  -65.079619882
    0.451449231    5.477656907  -67.870571971
    0.454968769    5.240057534  -66.934128284
    0.458488308    5.019758435  -57.856244074
    0.462007846    4.841712917  -45.217600705
    0.465527385    4.704940484  -35.750668035
    0.469046923    4.587913216  -33.102511349
    0.472566462    4.472357877  -33.436614390
    0.476086000    4.358298695  -32.336193277
    0.479605538    4.252121943  -29.677061038
    0.483125077    4.152238569  -29.828911821
    0.486644615    4.045296679  -33.684626151
    0.490164154    3.924462026  -35.632817461
    0.493683692    3.807507756  -31.295931771
    0.497203231    3.716035511  -22.438740830
    0.500722769    3.650523279  -18.644472201
    0.504242308    3.578454593  -25.030337469
    0.507761846    3.472516605  -36.809155696
    0.511281385    3.337808523  -37.722334732
    0.514800923    3.235148696  -19.547195180
    0.518320462    3.220926285    9.226929028
    0.521840000    3.297142863   29.675768685
    0.525359538    3.406034586   26.347725553
    0.528879077    3.467775939    5.409738873
    0.532398615    3.453226305  -14.120434241
    0.535918154    3.397739835  -15.022398621
    0.539437692    3.376670803    3.578690689
    0.542957231    3.438174579   28.666239329
    0.546476769    3.569488195   41.356841053
    0.549996308    3.704978814   30.309832806
    0.553515846    3.766759547    1.865834817
    0.557035385    3.729565493  -22.668477923
    0.560554923    3.645298644  -21.931452707
    0.564074462    3.613930937    6.529013710
    0.567594000    3.708378735   44.825246383
    0.571113538    3.920386020   70.031937501
    0.574633077    4.175636386   68.350178308
    0.578152615    4.382619439   44.745303982
    0.581672154    4.489084619   14.081872778
    0.585191692    4.495431834  -11.373359642
    0.588711231    4.433390391  -22.609764172
    0.592230769    4.358809215  -19.071214511
    0.595750308    4.323531019    0.559228155
    0.599269846    4.383427168   33.091064728
    0.602789385    4.574840829   74.871371600
    0.606308923    4.917633895  117.846408806
    0.609828462    5.399821860  152.021144168
    0.613348000    5.972981395  168.227497785
    0.616867538    6.562363351  161.080948364
    0.620387077    7.091351518  135.580172794
    0.623906615    7.521856189  108.215501819
    0.627426154    7.881809730   99.161220668
    0.630945692    8.264464644  122.985376732
    0.634465231    8.790970129  179.208742943
    0.637984769    9.556430618  255.284575115
    0.641504308   10.593840869  330.371450467
    0.645023846   11.863478474  385.375267216
    0.648543385   13.278889166  412.253409896
    0.652062923   14.751511299  420.699847501
    0.655582462   16.249821716  430.862012525
    0.659102000   17.815424333  460.598754862
    0.662621538   19.525862901  512.642841860
    0.666141077   21.433726091  567.742522386
    0.669660615   23.506422965  603.689016997
    0.673180154   25.655355824  611.043236362
    0.676699692   27.800938931  606.771271203
    0.680219231   29.952073452  618.957472527
    0.683738769   32.203822264  663.812505121
    0.687258308   34.657693724  729.926207337
    0.690777846   37.330930174  781.763005420
    0.694297385   40.109373934  785.866749863
    0.697816923   42.796030483  729.772282017
    0.701336462   45.197170882  626.517347161
    0.704856000   47.191606442  504.512068676
    0.708375538   48.762529902  389.929685973
    0.711895077   49.969879499  300.005376091
    0.715414615   50.911543369  237.678229257
    0.718934154   51.671974444  196.335691927
    0.722453692   52.304554249  162.600659706
    0.725973231   52.819704238  128.566277534
    0.729492769   53.211848116   93.184928321
    0.733012308   53.481458152   60.610196165
    0.736531846   53.647213711   34.659208072
    0.740051385   53.736961023   17.277270544
    0.743570923   53.779479961    7.484323751
    0.747090462   53.796740557    2.919567182
    0.750610000   53.803100098    0.993909830
