#! FIELDS dist file.free der_dist
#! SET min_dist 0.201562
#! SET max_dist 0.75061
#! SET nbins_dist  157
#! SET periodic_dist false
    0.201562000   49.933843590   -0.284895335
    0.205081538   49.929988545   -1.742897754
    0.208601077   49.916360360   -6.422539239
    0.212120615   49.873057358  -19.832168643
    0.215640154   49.751275023  -53.435028243
    0.219159692   49.448391008 -126.742052132
    0.222679231   48.780096587 -265.899884093
    0.226198769   47.468042127 -495.514242164
    0.229718308   45.175893186 -821.312278081
    0.233237846   41.605814046 -1213.118822710
    0.236757385   36.639920726 -1599.594736574
    0.240276923   30.464055319 -1884.547354185
    0.243796462   23.593232315 -1983.245772013
    0.247316000   16.766928086 -1858.583652201
    0.250835538   10.737561988 -1540.465363233
    0.254355077    6.049031257 -1114.178676202
    0.257874615    2.893817898 -686.607411726
    0.261394154    1.111464442 -344.977013877
    0.264913692    0.314337192 -129.042640792
    0.268433231    0.063991790  -29.364313150
    0.271952769    0.017572028   -4.852063732
    0.275472308    0.000000000   -4.923464229
    0.278991846    0.001854577   12.092018528
    0.282511385    0.130262293   67.037786659
    0.286030923    0.515512189  154.131717064
    0.289550462    1.222528489  243.618882510
    0.293070000    2.197705352  300.844909058
    0.296589538    3.289999664  309.537933852
    0.300109077    4.334710448  277.232440718
    0.303628615    5.227830906  228.638896380
    0.307148154    5.960351254  188.545318574
    0.310667692    6.594151067  174.913431332
    0.314187231    7.232693324  190.718499691
    0.317706769    7.961548576  221.667659763
    0.321226308    8.789052931  243.102546168
    0.324745846    9.637412980  229.629627924
    0.328265385   10.372197044  182.024317097
    0.331784923   10.911464007  123.909323616
    0.335304462   11.279780376   90.731387554
    0.338824000   11.604836329   98.804471467
    0.342343538   12.012621369  131.911781028
    0.345863077   12.522259351  150.267710844
    0.349382615   13.015393234  118.694415817
    0.352902154   13.301084444   35.529768789
    0.356421692   13.250034670  -64.395525630
    0.359941231   12.888729877 -133.534570772
    0.363460769   12.389277584 -141.188402063
    0.366980308   11.963537923  -95.433663037
    0.370499846   11.741170371  -32.027698767
    0.374019385   11.717063378   10.639388421
    0.377538923   11.778650332   17.465169122
    0.381058462   11.807843883   -5.734515380
    0.384578000   11.735033200  -36.874313093
    0.388097538   11.563169417  -59.451629421
    0.391617077   11.332060474  -71.919477426
    0.395136615   11.062707632  -82.397760055
    0.398656154   10.746452436  -98.962993061
    0.402175692   10.365398465 -118.896418042
    0.405695231    9.919915582 -135.139857677
    0.409214769    9.430535508 -142.646797356
    0.412734308    8.925187356 -144.626909825
    0.416253846    8.420496453 -143.912649663
    0.419773385    7.923635018 -139.764973551
    0.423292923    7.446350543 -131.296816321
    0.426812462    7.002712752 -122.416039363
    0.430332000    6.591225144 -113.653504864
    0.433851538    6.209965983 -103.784258454
    0.437371077    5.866411816  -91.159684997
    0.440890615    5.572432352  -78.068204699
    0.444410154    5.316780938  -69.619358250
    0.447929692    5.075720979  -70.884686036
    0.451449231    4.819032684  -76.604873463
    0.454968769    4.547055842  -77.308600580
    0.458488308    4.291514621  -66.866087831
    0.462007846    4.088438624  -49.972865648
    0.465527385    3.944581613  -34.793709109
    0.469046923    3.840218098  -26.870052647
    0.472566462    3.753179103  -23.760203586
    0.476086000    3.675646362  -21.528812118
    0.479605538    3.605744088  -20.132672037
    0.483125077    3.534550114  -23.063687991
    0.486644615    3.446083302  -29.709793482
    0.490164154    3.336549007  -32.650296302
    0.493683692    3.231946931  -26.692320754
    0.497203231    3.162105968  -14.554656369
    0.500722769    3.129554705   -7.991904377
    0.504242308    3.095658573  -14.550390189
    0.507761846    3.020591932  -30.244438602
    0.511281385    2.897953118  -37.590492831
    0.514800923    2.783938040  -25.826905325
    0.518320462    2.739396575   -1.112068577
    0.521840000    2.776644817   18.516851119
    0.525359538    2.848859458   17.262487506
    0.528879077    2.885534107    0.682303648
    0.532398615    2.865452518  -11.981325271
    0.535918154    2.832844525   -3.717716474
    0.539437692    2.869055562   24.785243867
    0.542957231    3.018755694   56.780344845
    0.546476769    3.250841420   69.156926755
    0.549996308    3.470000974   48.661051467
    0.553515846    3.568835353    4.011776479
    0.557035385    3.508011689  -37.696895532
    0.560554923    3.347975501  -48.510169049
    0.564074462    3.216915808  -21.648612225
    0.567594000    3.224601818   25.418887314
    0.571113538    3.394790853   66.547826972
    0.574633077    3.669097571   82.602876414
    0.578152615    3.952509841   73.005053781
    0.581672154    4.172526549   49.114218760
    0.585191692    4.302483575   22.695189763
    0.588711231    4.349636987    4.770447101
    0.592230769    4.354531093   -1.400080270
    0.595750308    4.362746671    7.730356854
    0.599269846    4.430115673   30.588885323
    0.602789385    4.599090971   65.306412585
    0.606308923    4.901977987  105.773661750
    0.609828462    5.345684663  143.229530029
    0.613348000    5.901389636  167.870727678
    0.616867538    6.507674746  171.008152953
    0.620387077    7.086321781  153.200127766
    0.623906615    7.583416862  127.435392775
    0.627426154    8.004158480  113.727144192
    0.630945692    8.424510235  129.889248421
    0.634465231    8.962383657  179.223762153
    0.637984769    9.718826731  250.535988019
    0.641504308   10.731486689  320.943787795
    0.645023846   11.955828741  368.602581225
    0.648543385   13.295136305  385.719166098
    0.652062923   14.658965417  386.259929317
    0.655582462   16.031534753  395.460012828
    0.659102000   17.484689045  433.833309017
    0.662621538   19.128213603  502.456434884
    0.666141077   21.034776714  577.586179981
    0.669660615   23.175250993  631.986732693
    0.673180154   25.448512461  652.308425793
    0.676699692   27.749684355  652.492756178
    0.680219231   30.053709483  658.258177578
    0.683738769   32.415481371  685.510475821
    0.687258308   34.900706914  725.125666632
    0.690777846   37.504875580  747.666268577
    0.694297385   40.117415913  727.200537276
    0.697816923   42.569056131  657.044826835
    0.701336462   44.705501654  550.330443459
    0.704856000   46.433663758  429.634183230
    0.708375538   47.738029105  312.354698315
    0.711895077   48.653749368  210.372887473
    0.715414615   49.248020244  129.589359206
    0.718934154   49.598018775   72.827323807
    0.722453692   49.786209342   36.389407822
    0.725973231   49.876395068   15.972371854
    0.729492769   49.914428116    6.123992363
    0.733012308   49.928066369    2.199052288
    0.736531846   49.932700071    0.690537796
    0.740051385   49.934543639   -0.000000000
    0.743570923   49.934543639   -0.000000000
    0.747090462   49.934543639   -0.000000000
    0.750610000   49.934543639   -0.000000000
