#! FIELDS dist file.free der_dist
#! SET min_dist 0.201562
#! SET max_dist 0.75061
#! SET nbins_dist  157
#! SET periodic_dist false
    0.201562000   50.193999076   -0.284895335
    0.205081538   50.190144031   -1.742897754
    0.208601077   50.176515846   -6.422539239
    0.212120615   50.133212844  -19.832168643
    0.215640154   50.011430509  -53.435028243
    0.219159692   49.708536343 -126.746137530
    0.222679231   49.040191941 -265.922622329
    0.226198769   47.727979404 -495.589567576
    0.229718308   45.435355926 -821.527914168
    0.233237846   41.864001786 -1213.666830632
    0.236757385   36.895096640 -1600.821854810
    0.240276923   30.713001859 -1886.952657135
    0.243796462   23.830801471 -1987.396260618
    0.247316000   16.986149359 -1864.904931326
    0.250835538   10.930582845 -1548.997300202
    0.254355077    6.208739290 -1124.453149218
    0.257874615    3.015583527 -697.716928656
    0.261394154    1.194305319 -355.782174277
    0.264913692    0.361469301 -138.315463377
    0.268433231    0.082992709  -35.874800476
    0.271952769    0.020057711   -7.598920428
    0.275472308    0.000000000   -3.636939184
    0.278991846    0.012261977   16.445303735
    0.282511385    0.158317414   72.290452998
    0.286030923    0.559835997  157.737151997
    0.289550462    1.273845218  243.820929311
    0.293070000    2.243224942  297.455549354
    0.296589538    3.318962677  303.823233778
    0.300109077    4.342304614  271.115785862
    0.303628615    5.215648070  223.689892241
    0.307148154    5.933770523  185.279151221
    0.310667692    6.558263683  172.714858983
    0.314187231    7.189246203  188.431457000
    0.317706769    7.908875113  218.669378680
    0.321226308    8.725440420  240.111521784
    0.324745846    9.566022627  228.578427408
    0.328265385   10.303682651  184.990522593
    0.331784923   10.861948079  131.719705440
    0.335304462   11.264907559  102.233828712
    0.338824000   11.633242056  111.401963730
    0.342343538   12.083189390  142.885012811
    0.345863077   12.626153835  158.117824587
    0.349382615   13.141419679  123.513937892
    0.352902154   13.440305448   38.390598441
    0.356421692   13.397384259  -62.525994742
    0.359941231   13.041435252 -132.369459726
    0.363460769   12.544503788 -140.968802659
    0.366980308   12.117585089  -96.344767385
    0.370499846   11.890171805  -33.985634337
    0.374019385   11.857665822    7.837439451
    0.377538923   11.907745735   13.644623354
    0.381058462   11.920773467  -11.236565438
    0.384578000   11.824236398  -44.986952622
    0.388097538   11.618193803  -70.808602436
    0.391617077   11.341513337  -86.339414453
    0.395136615   11.017690313  -98.667151482
    0.398656154   10.643701657 -115.154495219
    0.402175692   10.208465835 -133.255462718
    0.405695231    9.716950016 -146.919120282
    0.409214769    9.190087606 -152.319784250
    0.412734308    8.652860030 -153.264411046
    0.416253846    8.118527784 -152.156996282
    0.419773385    7.593485796 -147.436056771
    0.423292923    7.091180717 -137.720885407
    0.426812462    6.627887877 -127.162082346
    0.430332000    6.202576511 -116.825005048
    0.433851538    5.812279217 -105.797987867
    0.437371077    5.463383323  -92.204953409
    0.440890615    5.167681670  -77.948351723
    0.444410154    4.914904075  -68.131352153
    0.447929692    4.681497449  -68.067175406
    0.451449231    4.436436964  -72.956307063
    0.454968769    4.177698199  -73.602214712
    0.458488308    3.933834514  -64.113891938
    0.462007846    3.737151098  -49.266625397
    0.465527385    3.591101746  -36.849082889
    0.469046923    3.474875909  -31.457001105
    0.472566462    3.369130863  -29.516992425
    0.476086000    3.272138196  -26.527383163
    0.479605538    3.188106953  -23.098761110
    0.483125077    3.109794726  -24.412542941
    0.486644615    3.016627802  -31.474952001
    0.490164154    2.896714615  -37.080212011
    0.493683692    2.770442800  -34.560616041
    0.497203231    2.668803934  -24.350188751
    0.500722769    2.602522749  -16.868962968
    0.504242308    2.543098519  -19.844226335
    0.507761846    2.457962563  -30.597588122
    0.511281385    2.342737115  -33.147500778
    0.514800923    2.250961519  -17.966745429
    0.518320462    2.236892060    7.865161622
    0.521840000    2.303621350   25.741524675
    0.525359538    2.394411035   20.264071944
    0.528879077    2.432360264   -1.627404953
    0.532398615    2.395649184  -18.883642373
    0.535918154    2.333294878  -13.415699357
    0.539437692    2.333192800   14.087976166
    0.542957231    2.445503128   46.368110269
    0.546476769    2.643297615   60.260155768
    0.549996308    2.835885957   42.703119304
    0.553515846    2.920968881    2.307883722
    0.557035385    2.862601716  -34.706478088
    0.560554923    2.720256516  -41.728050050
    0.564074462    2.616808651  -13.117048491
    0.567594000    2.654118775   33.346767228
    0.571113538    2.848345578   72.012235218
    0.574633077    3.136012694   84.591507793
    0.578152615    3.419789649   71.168726451
    0.581672154    3.626444361   43.308897156
    0.585191692    3.728735399   12.770422164
    0.588711231    3.734142798   -8.892792129
    0.592230769    3.686948785  -16.884853255
    0.595750308    3.642712309   -5.937070230
    0.599269846    3.671399251   22.824459309
    0.602789385    3.826645920   65.289757514
    0.606308923    4.140798484  111.500475759
    0.609828462    4.607446936  149.511360037
    0.613348000    5.177755798  169.039321441
    0.616867538    5.773938258  163.879631309
    0.620387077    6.313307722  138.414833507
    0.623906615    6.750207236  108.754737431
    0.627426154    7.105862132   96.264390194
    0.630945692    7.473934276  118.300974598
    0.634465231    7.986616873  176.925008788
    0.637984769    8.754432164  259.467417512
    0.641504308    9.818627004  341.074917709
    0.645023846   11.130375920  397.404892185
    0.648543385   12.578381120  417.513198034
    0.652062923   14.048353983  413.431209698
    0.655582462   15.497951783  411.088760036
    0.659102000   16.979961770  434.309633009
    0.662621538   18.599053056  488.521078049
    0.666141077   20.436782688  553.141740468
    0.669660615   22.480674617  602.397279204
    0.673180154   24.649235735  623.344522876
    0.676699692   26.858682423  630.337121730
    0.680219231   29.106430000  649.494588884
    0.683738769   31.469434368  695.550708681
    0.687258308   34.027068619  756.120927415
    0.690777846   36.773570613  796.574246701
    0.694297385   39.578812170  786.206138376
    0.697816923   42.241266470  716.169576903
    0.701336462   44.572977576  601.019246668
    0.704856000   46.457309376  467.251895960
    0.708375538   47.870425724  336.638697781
    0.711895077   48.852073319  224.127401077
    0.715414615   49.481507148  136.403529477
    0.718934154   49.847945533   75.784639144
    0.722453692   50.042994043   37.468300948
    0.725973231   50.135523489   16.337254254
    0.729492769   50.174583602    6.123992363
    0.733012308   50.188221855    2.199052288
    0.736531846   50.192855557    0.690537796
    0.740051385   50.194699125   -0.000000000
    0.743570923   50.194699125   -0.000000000
    0.747090462   50.194699125   -0.000000000
    0.750610000   50.194699125   -0.000000000
