#! FIELDS dist file.free der_dist
#! SET min_dist 0.201562
#! SET max_dist 0.75061
#! SET nbins_dist  157
#! SET periodic_dist false
    0.201562000   31.807492827   -0.000000000
    0.205081538   31.807034809   -0.182582850
    0.208601077   31.805334675   -0.799536446
    0.212120615   31.799000865   -2.927086132
    0.215640154   31.778989518   -9.036272825
    0.219159692   31.723351205  -24.297694312
    0.222679231   31.585419222  -57.834864143
    0.226198769   31.277327834 -123.514950583
    0.229718308   30.658142718 -237.214886086
    0.233237846   29.535998489 -410.455673113
    0.236757385   27.700356497 -640.343920415
    0.240276923   24.992355559 -899.501077862
    0.243796462   21.394597376 -1135.254867002
    0.247316000   17.105356736 -1281.806872453
    0.250835538   12.537466471 -1287.283896300
    0.254355077    8.225114763 -1138.855823136
    0.257874615    4.659340618 -872.931612289
    0.261394154    2.133945483 -560.782159308
    0.264913692    0.674987181 -278.467596517
    0.268433231    0.073859436  -79.244997445
    0.271952769    0.000000000   22.161438294
    0.275472308    0.142348397   50.336157834
    0.278991846    0.324568692   54.067080921
    0.282511385    0.549117925   80.227551994
    0.286030923    0.936721752  145.667281066
    0.289550462    1.597945499  229.835474302
    0.293070000    2.531585469  292.844389537
    0.296589538    3.608441058  309.599413864
    0.300109077    4.663058643  282.941410565
    0.303628615    5.583100943  238.399272040
    0.307148154    6.355600868  201.813426226
    0.310667692    7.036826933  188.022733942
    0.314187231    7.709216106  196.043516874
    0.317706769    8.428740112  210.863375487
    0.321226308    9.183600483  213.821577428
    0.324745846    9.906299083  190.352109135
    0.328265385   10.508223568  149.374569123
    0.331784923   10.966786085  112.967591205
    0.335304462   11.339888239  103.843447733
    0.338824000   11.733140642  121.913058278
    0.342343538   12.206010440  143.006293471
    0.345863077   12.713029665  137.928095899
    0.349382615   13.133205267   94.042155610
    0.352902154   13.352255806   28.795559887
    0.356421692   13.355089752  -22.627275396
    0.359941231   13.248048894  -30.176621560
    0.363460769   13.203672547   10.597765628
    0.366980308   13.351025767   72.873193813
    0.370499846   13.693828008  115.208095140
    0.374019385   14.102905251  106.502129118
    0.377538923   14.386038286   46.984070695
    0.381058462   14.406231343  -37.371450838
    0.384578000   14.140774211 -109.750118887
    0.388097538   13.674878554 -149.287232153
    0.391617077   13.124537297 -160.659645811
    0.395136615   12.555961393 -162.852011626
    0.398656154   11.972429957 -169.831950073
    0.402175692   11.359973657 -177.924664748
    0.405695231   10.735001066 -175.932031038
    0.409214769   10.145474633 -157.084622503
    0.412734308    9.641667592 -128.852276329
    0.416253846    9.237349867 -103.504082103
    0.419773385    8.903375603  -89.240770179
    0.423292923    8.592808264  -89.488294152
    0.426812462    8.258365388 -102.878572457
    0.430332000    7.868504849 -119.604306151
    0.433851538    7.433441291 -124.697174254
    0.437371077    7.016792780 -107.876547253
    0.440890615    6.698904179  -71.581219916
    0.444410154    6.517508334  -33.731839505
    0.447929692    6.439038438  -17.329334431
    0.451449231    6.364381634  -30.688644278
    0.454968769    6.201278291  -64.010946374
    0.458488308    5.917183887  -95.713925659
    0.462007846    5.552148800 -108.854553781
    0.465527385    5.184254758  -98.023321141
    0.469046923    4.885262303  -70.876911295
    0.472566462    4.689909383  -40.849454481
    0.476086000    4.585199922  -21.942892809
    0.479605538    4.516217259  -21.436856933
    0.483125077    4.420135811  -35.887705300
    0.486644615    4.269105705  -49.706166043
    0.490164154    4.098563131  -43.579072906
    0.493683692    3.994436234  -12.913960911
    0.497203231    4.019040244   24.718443822
    0.500722769    4.143162777   38.263406464
    0.504242308    4.240806102    9.687283870
    0.507761846    4.177561497  -49.066563217
    0.511281385    3.909466248  -98.713940209
    0.514800923    3.537200166 -105.585160426
    0.518320462    3.226106009  -66.776859173
    0.521840000    3.092699857   -9.880391609
    0.525359538    3.137768853   29.619377833
    0.528879077    3.268848323   39.390376502
    0.532398615    3.398242768   31.305581320
    0.535918154    3.498776522   26.987740754
    0.539437692    3.607205781   35.110799829
    0.542957231    3.754898895   46.276660168
    0.546476769    3.916633807   41.107799464
    0.549996308    4.010994936    7.494550190
    0.553515846    3.948720576  -44.623938948
    0.557035385    3.713520969  -86.338330896
    0.560554923    3.394307520  -88.449349030
    0.564074462    3.148322001  -45.497176451
    0.567594000    3.105723327   21.462306170
    0.571113538    3.294452634   81.257938737
    0.574633077    3.645459396  111.414104762
    0.578152615    4.048357472  112.540933738
    0.581672154    4.427442523  101.667022752
    0.585191692    4.774296452   95.195127009
    0.588711231    5.116715116  100.302205329
    0.592230769    5.483343112  105.909563377
    0.595750308    5.847211674   96.843031577
    0.599269846    6.137062110   62.007513141
    0.602789385    6.265219945    7.699414101
    0.606308923    6.195247361  -46.139696095
    0.609828462    5.971880345  -76.291254303
    0.613348000    5.706175872  -69.513472116
    0.616867538    5.525908961  -29.704056080
    0.620387077    5.524729355   30.089921036
    0.623906615    5.752134497   98.661993667
    0.627426154    6.230062568  172.747291472
    0.630945692    6.978990439  253.220715428
    0.634465231    8.015795056  334.122291825
    0.637984769    9.319373131  401.624456650
    0.641504308   10.811279967  439.378165798
    0.645023846   12.370603158  440.374779800
    0.648543385   13.884738043  416.559831980
    0.652062923   15.311736701  395.977056622
    0.655582462   16.713333455  405.914202634
    0.659102000   18.221302869  455.155046364
    0.662621538   19.950424258  527.817657979
    0.666141077   21.925675015  588.422922636
    0.669660615   24.043149456  604.817878777
    0.673180154   26.116241050  561.898033919
    0.676699692   27.944729539  469.786501939
    0.680219231   29.395950375  352.403480317
    0.683738769   30.430604637  236.782221411
    0.687258308   31.091283381  142.677089588
    0.690777846   31.470269703   76.669753007
    0.694297385   31.664100549   36.801302365
    0.697816923   31.753118989   15.542328849
    0.701336462   31.789998978    5.453350378
    0.704856000   31.801989439    1.901254813
    0.708375538   31.806291741    0.443566008
    0.711895077   31.807492827   -0.000000000
    0.715414615   31.807492827   -0.000000000
    0.718934154   31.807492827   -0.000000000
    0.722453692   31.807492827   -0.000000000
    0.725973231   31.807492827   -0.000000000
    0.729492769   31.807492827   -0.000000000
    0.733012308   31.807492827   -0.000000000
    0.736531846   31.807492827   -0.000000000
    0.740051385   31.807492827   -0.000000000
    0.743570923   31.807492827   -0.000000000
    0.747090462   31.807492827   -0.000000000
    0.750610000   31.807492827   -0.000000000
