#! FIELDS dist file.free der_dist
#! SET min_dist 0.201562
#! SET max_dist 0.75061
#! SET nbins_dist  157
#! SET periodic_dist false
    0.201562000   52.887126374   -0.635542558
    0.205081538   52.880550197   -3.022846152
    0.208601077   52.858586023  -10.241585987
    0.212120615   52.792452739  -29.785895130
    0.215640154   52.615546594  -76.207739677
    0.219159692   52.195415490 -172.505270887
    0.222679231   51.308114664 -346.452921498
    0.226198769   49.637850736 -619.219990088
    0.229718308   46.835426141 -985.908234862
    0.233237846   42.638196378 -1400.471925238
    0.236757385   37.018690110 -1777.554677400
    0.240276923   30.285806211 -2017.716160156
    0.243796462   23.062567072 -2048.099829987
    0.247316000   16.133078903 -1854.245404226
    0.250835538   10.211835890 -1488.283042264
    0.254355077    5.743666792 -1046.637472102
    0.257874615    2.809250916 -632.428060356
    0.261394154    1.170358478 -318.565929275
    0.264913692    0.417999653 -128.544576806
    0.268433231    0.141264041  -42.342246563
    0.271952769    0.046617744  -17.218253321
    0.275472308    0.000000000   -8.356173934
    0.278991846    0.006741511   17.297344322
    0.282511385    0.160575340   74.812764675
    0.286030923    0.567532249  157.528596212
    0.289550462    1.274160218  239.913407851
    0.293070000    2.227351626  292.804820308
    0.296589538    3.292166150  302.908419899
    0.300109077    4.322729789  276.068092418
    0.303628615    5.220531396  231.693771503
    0.307148154    5.961930934  188.991753991
    0.310667692    6.579349989  163.537804153
    0.314187231    7.146327435  160.596032775
    0.317706769    7.734431046  172.314543501
    0.321226308    8.364648342  182.196057552
    0.324745846    8.998442531  171.139717770
    0.328265385    9.554530657  141.126876360
    0.331784923    9.996443892  110.285747701
    0.335304462   10.365833953  103.863333302
    0.338824000   10.770507092  128.440752039
    0.342343538   11.291052367  163.980647718
    0.345863077   11.902108684  174.838310985
    0.349382615   12.466757415  135.460713187
    0.352902154   12.809538654   52.913904682
    0.356421692   12.836159775  -36.342661974
    0.359941231   12.599471720  -90.928194128
    0.363460769   12.268928440  -89.500970945
    0.366980308   12.025228319  -45.817921302
    0.370499846   11.958531867    5.320266224
    0.374019385   12.037225383   31.281757210
    0.377538923   12.143510263   22.593724216
    0.381058462   12.169059545  -12.389098071
    0.384578000   12.057226382  -52.076722503
    0.388097538   11.820157274  -81.085871927
    0.391617077   11.504593803  -97.903708865
    0.395136615   11.141217815 -109.233275893
    0.398656154   10.737170543 -121.276645731
    0.402175692   10.294053117 -131.221053204
    0.405695231    9.827380599 -134.877469503
    0.409214769    9.358777953 -131.813928231
    0.412734308    8.902275870 -128.871173070
    0.416253846    8.453162053 -128.959432303
    0.419773385    8.003171750 -128.312192378
    0.423292923    7.561482255 -122.128235642
    0.426812462    7.150948616 -112.281881875
    0.430332000    6.781479515  -99.682227762
    0.433851538    6.457929052  -85.014946191
    0.437371077    6.187629593  -68.716874676
    0.440890615    5.976159231  -54.133770084
    0.444410154    5.804060377  -46.567502477
    0.447929692    5.640180226  -50.470396247
    0.451449231    5.449418455  -59.779439122
    0.454968769    5.229735980  -64.520164602
    0.458488308    5.011366311  -58.775762947
    0.462007846    4.827029668  -47.705083223
    0.465527385    4.678959519  -39.796356953
    0.469046923    4.543222642  -39.855013898
    0.472566462    4.397948706  -43.550424612
    0.476086000    4.243669704  -44.729167532
    0.479605538    4.093473037  -41.793010075
    0.483125077    3.955506911  -38.949908475
    0.486644615    3.824128930  -38.301454981
    0.490164154    3.694969572  -35.821216388
    0.493683692    3.583542916  -28.122642722
    0.497203231    3.507393052  -17.060242226
    0.500722769    3.463400115  -11.881699945
    0.504242308    3.416432968  -17.639780291
    0.507761846    3.336375136  -29.611205272
    0.511281385    3.225370656  -31.564415770
    0.514800923    3.141538630  -15.073259973
    0.518320462    3.139529389   11.698475733
    0.521840000    3.220871707   30.172991297
    0.525359538    3.328893510   25.563691446
    0.528879077    3.388044870    5.102549637
    0.532398615    3.377142844  -11.185877543
    0.535918154    3.341525071   -6.305941865
    0.539437692    3.362860504   18.870000394
    0.542957231    3.487234092   48.545427715
    0.546476769    3.690600733   61.681031277
    0.549996308    3.891842014   46.755414836
    0.553515846    4.000625122   11.987380922
    0.557035385    3.987632636  -18.807456807
    0.560554923    3.908643476  -22.382702470
    0.564074462    3.871769246    4.306173429
    0.567594000    3.958314436   42.858550661
    0.571113538    4.165492289   69.345433327
    0.574633077    4.420304717   68.621927069
    0.578152615    4.627772060   44.445342128
    0.581672154    4.729234259   11.287035130
    0.585191692    4.719546550  -17.721987220
    0.588711231    4.629575316  -31.856509737
    0.592230769    4.519984869  -29.273148466
    0.595750308    4.450145923   -8.579926755
    0.599269846    4.481508066   26.153712648
    0.602789385    4.652755521   70.419985261
    0.606308923    4.984424438  116.128439992
    0.609828462    5.466622810  153.972502245
    0.613348000    6.054923308  175.067672198
    0.616867538    6.677426592  172.885461388
    0.620387077    7.253486576  149.942164574
    0.623906615    7.731999143  120.277083298
    0.627426154    8.122615904  103.897865736
    0.630945692    8.505252141  118.299725401
    0.634465231    9.001906757  167.758014236
    0.637984769    9.723906280  243.223021730
    0.641504308   10.727078012  323.819771387
    0.645023846   11.987628484  386.735691718
    0.648543385   13.418347680  418.801926258
    0.652062923   14.914783216  426.553093999
    0.655582462   16.423906427  430.567747094
    0.659102000   17.974812904  452.770939957
    0.662621538   19.649538125  501.177190451
    0.666141077   21.521109231  560.016543032
    0.669660615   23.584430831  607.297479239
    0.673180154   25.773469843  630.710286922
    0.676699692   28.017272119  642.547587642
    0.680219231   30.315764554  665.668932233
    0.683738769   32.738092380  712.330781951
    0.687258308   35.350441191  769.818228984
    0.690777846   38.135885331  804.528839258
    0.694297385   40.956508759  786.586959535
    0.697816923   43.603785620  706.684996196
    0.701336462   45.881926893  580.025715602
    0.704856000   47.675667585  437.864550051
    0.708375538   48.986616797  310.434809853
    0.711895077   49.907384050  218.636649034
    0.715414615   50.576183836  165.757139955
    0.718934154   51.111754586  141.254781639
    0.722453692   51.583390569  126.037309312
    0.725973231   51.998367974  107.513169397
    0.729492769   52.336345191   82.613969270
    0.733012308   52.580185316   56.051204491
    0.736531846   52.735491024   32.906288967
    0.740051385   52.821442316   16.688914453
    0.743570923   52.862314352    7.484323751
    0.747090462   52.879574948    2.919567182
    0.750610000   52.885934489    0.993909830
