#! FIELDS dist file.free der_dist
#! SET min_dist 0.201562
#! SET max_dist 0.75061
#! SET nbins_dist  157
#! SET periodic_dist false
    0.201562000   28.406421617   -0.000000000
    0.205081538   28.406057478   -0.143520182
    0.208601077   28.404645127   -0.654161553
    0.212120615   28.399513671   -2.367997514
    0.215640154   28.383315184   -7.295897085
    0.219159692   28.338312311  -19.632455343
    0.222679231   28.226556892  -46.894570874
    0.226198769   27.976006039 -100.722402783
    0.229718308   27.468541481 -195.249668958
    0.233237846   26.538836952 -342.053994317
    0.236757385   24.996991514 -541.692685854
    0.240276923   22.686000295 -773.843607157
    0.243796462   19.562030773 -994.334042560
    0.247316000   15.769922794 -1143.443605941
    0.250835538   11.657763982 -1169.316424081
    0.254355077    7.706783760 -1052.596670776
    0.257874615    4.385387834 -819.751345925
    0.261394154    1.998900085 -533.410005060
    0.264913692    0.607227080 -265.733878934
    0.268433231    0.040823823  -70.785365458
    0.271952769    0.000000000   33.283469851
    0.275472308    0.191439361   67.313543604
    0.278991846    0.444509398   77.136877084
    0.282511385    0.758725072  107.557441813
    0.286030923    1.244692361  173.663427547
    0.289550462    1.997957935  253.151435006
    0.293070000    2.997462202  306.344222587
    0.296589538    4.100445954  311.335933438
    0.300109077    5.146353147  277.930561808
    0.303628615    6.053880258  238.611608032
    0.307148154    6.855705418  220.152965335
    0.310667692    7.641125546  228.451581519
    0.314187231    8.481321215  248.084250774
    0.317706769    9.373743357  253.321706925
    0.321226308   10.229415170  226.111901865
    0.324745846   10.928038419  164.711966590
    0.328265385   11.384398670   95.140938919
    0.331784923   11.632574505   51.993669926
    0.335304462   11.814280848   59.828260107
    0.338824000   12.107851029  111.094012978
    0.342343538   12.608948795  169.878734833
    0.345863077   13.270482296  197.700943523
    0.349382615   13.946743918  178.340347483
    0.352902154   14.492286898  128.437587813
    0.356421692   14.855054856   79.908075854
    0.359941231   15.085367641   55.122792517
    0.363460769   15.272106060   52.415552550
    0.366980308   15.454441739   48.180973855
    0.370499846   15.581006781   17.946009892
    0.374019385   15.541167628  -46.176217288
    0.377538923   15.239186967 -126.185406991
    0.381058462   14.672406632 -191.796300423
    0.384578000   13.941080756 -216.357844613
    0.388097538   13.203993378 -196.083112041
    0.391617077   12.592467782 -149.909885377
    0.395136615   12.147624012 -105.332630962
    0.398656154   11.829336863  -78.557693297
    0.402175692   11.578578657  -65.278356218
    0.405695231   11.373284176  -50.748537943
    0.409214769   11.237678239  -24.531724044
    0.412734308   11.207530822    7.362730123
    0.416253846   11.278032697   27.990924235
    0.419773385   11.374814028   20.550692633
    0.423292923   11.377826692  -25.121405840
    0.426812462   11.159375515 -103.698222691
    0.430332000   10.642748370 -189.589119832
    0.433851538    9.861500600 -246.767027683
    0.437371077    8.972586106 -247.602672955
    0.440890615    8.190775811 -189.083774735
    0.444410154    7.682855369  -97.762337259
    0.447929692    7.494029035  -15.670137284
    0.451449231    7.528575112   26.602580566
    0.454968769    7.627211234   21.983383284
    0.458488308    7.647558011  -13.867902718
    0.462007846    7.520477584  -58.787832883
    0.465527385    7.247741263  -94.861252652
    0.469046923    6.874687833 -114.621687207
    0.472566462    6.460204095 -118.303746837
    0.476086000    6.054752744 -111.334504894
    0.479605538    5.684396465  -99.379733010
    0.483125077    5.360237066  -85.644156620
    0.486644615    5.093115414  -65.825469272
    0.490164154    4.917610451  -31.834487858
    0.493683692    4.887252753   15.322656996
    0.497203231    5.024002048   58.843495758
    0.500722769    5.267460652   71.592491239
    0.504242308    5.476151675   39.509715837
    0.507761846    5.510242031  -23.679967490
    0.511281385    5.322015374  -78.805781153
    0.514800923    5.007142567  -92.823420939
    0.518320462    4.726035871  -62.473515706
    0.521840000    4.592622385  -14.024049541
    0.525359538    4.608662975   17.146395820
    0.528879077    4.679009979   17.106147341
    0.532398615    4.708176156   -3.695940134
    0.535918154    4.662129105  -20.859861637
    0.539437692    4.587116784  -19.610947146
    0.542957231    4.546957822   -3.291328643
    0.546476769    4.562943463    9.873167956
    0.549996308    4.593782123    3.706876200
    0.553515846    4.570391464  -18.866871024
    0.557035385    4.471575005  -35.297817177
    0.560554923    4.363513349  -21.220528825
    0.564074462    4.366034957   26.824161892
    0.567594000    4.570905912   88.435742448
    0.571113538    4.976058074  136.765484996
    0.574633077    5.500278339  154.667551882
    0.578152615    6.035330440  144.864333907
    0.581672154    6.506655894  120.929873374
    0.585191692    6.888047667   94.175158272
    0.588711231    7.178264591   70.826635413
    0.592230769    7.389635938   48.280529825
    0.595750308    7.520350891   25.749814452
    0.599269846    7.571891958    2.282028098
    0.602789385    7.545575768  -17.479113567
    0.606308923    7.464233863  -27.047186382
    0.609828462    7.378366160  -18.875230343
    0.613348000    7.362362968   12.815834513
    0.616867538    7.499608381   67.550421002
    0.620387077    7.860765849  138.263512731
    0.623906615    8.481614250  212.942135171
    0.627426154    9.353003959  278.593153777
    0.630945692   10.423648080  325.983166898
    0.634465231   11.620928600  349.997204864
    0.637984769   12.865174621  352.735225442
    0.641504308   14.091166973  341.797958299
    0.645023846   15.268298600  326.857047577
    0.648543385   16.404938244  320.201810674
    0.652062923   17.550119979  333.167949125
    0.655582462   18.780815114  368.639651569
    0.659102000   20.162786483  415.442313656
    0.662621538   21.696680394  451.494657727
    0.666141077   23.300684060  451.460345212
    0.669660615   24.822863459  405.403043324
    0.673180154   26.112674738  322.224305550
    0.676699692   27.078017661  225.629058201
    0.680219231   27.714434945  138.877811127
    0.683738769   28.084108797   74.880206320
    0.687258308   28.272473194   35.448626780
    0.690777846   28.357227464   14.600137105
    0.694297385   28.390119297    5.393708970
    0.697816923   28.402322562    1.469350097
    0.701336462   28.406421617   -0.000000000
    0.704856000   28.406421617   -0.000000000
    0.708375538   28.406421617   -0.000000000
    0.711895077   28.406421617   -0.000000000
    0.715414615   28.406421617   -0.000000000
    0.718934154   28.406421617   -0.000000000
    0.722453692   28.406421617   -0.000000000
    0.725973231   28.406421617   -0.000000000
    0.729492769   28.406421617   -0.000000000
    0.733012308   28.406421617   -0.000000000
    0.736531846   28.406421617   -0.000000000
    0.740051385   28.406421617   -0.000000000
    0.743570923   28.406421617   -0.000000000
    0.747090462   28.406421617   -0.000000000
    0.750610000   28.406421617   -0.000000000
