#! FIELDS dist file.free der_dist
#! SET min_dist 0.201562
#! SET max_dist 0.75061
#! SET nbins_dist  157
#! SET periodic_dist false
    0.201562000   15.256989214   -0.000000000
    0.205081538   15.256989214   -0.000000000
    0.208601077   15.256989214   -0.000000000
    0.212120615   15.256816088   -0.073092622
    0.215640154   15.256270106   -0.278294078
    0.219159692   15.253180224   -1.398677103
    0.222679231   15.243042047   -4.712648736
    0.226198769   15.213311238  -13.387847329
    0.229718308   15.134577319  -33.749027738
    0.233237846   14.950825035  -74.966165606
    0.236757385   14.569530412 -147.521623436
    0.240276923   13.868456670 -256.823125445
    0.243796462   12.726028820 -395.450775431
    0.247316000   11.080367017 -537.130543082
    0.250835538    8.987515387 -642.144135804
    0.254355077    6.648242311 -672.116706782
    0.257874615    4.365118149 -610.325419510
    0.261394154    2.441715661 -472.971903640
    0.264913692    1.074934921 -302.226710750
    0.268433231    0.297209216 -145.308627008
    0.271952769    0.000000000  -31.555985412
    0.275472308    0.024532302   40.201884703
    0.278991846    0.262553829   95.227630204
    0.282511385    0.709382038  162.211422963
    0.286030923    1.428662542  248.824812118
    0.289550462    2.459479254  333.687309895
    0.293070000    3.732975224  380.131168564
    0.296589538    5.062346383  364.236183305
    0.300109077    6.229337463  290.952562741
    0.303628615    7.088284857  196.716385726
    0.307148154    7.645292366  126.148886996
    0.310667692    8.045294193  110.266224619
    0.314187231    8.491087967  150.146645350
    0.317706769    9.134963910  215.839594287
    0.321226308    9.992680808  265.289777554
    0.324745846   10.948083119  267.075308616
    0.328265385   11.820323988  221.950371955
    0.331784923   12.482658410  152.496095267
    0.335304462   12.902802618   88.483994899
    0.338824000   13.127069960   41.438096728
    0.342343538   13.203165807    1.038478604
    0.345863077   13.123903058  -49.013200044
    0.349382615   12.844292068 -110.649006769
    0.352902154   12.355558349 -163.091221349
    0.356421692   11.746885699 -174.171439509
    0.359941231   11.201838921 -126.367365552
    0.363460769   10.909285945  -36.112020710
    0.366980308   10.942676361   50.094977938
    0.370499846   11.199322817   84.312821116
    0.374019385   11.451578746   48.030077318
    0.377538923   11.480476712  -35.559796888
    0.381058462   11.203638738 -117.545805014
    0.384578000   10.705259425 -156.636361948
    0.388097538   10.161934541 -144.961915627
    0.391617077    9.716204863 -106.845191338
    0.395136615    9.401807239  -74.656829389
    0.398656154    9.166086937  -61.873156036
    0.402175692    8.958346433  -55.737262524
    0.405695231    8.794202416  -34.247372769
    0.409214769    8.747366890   10.835040354
    0.412734308    8.878804618   62.785432624
    0.416253846    9.163378590   93.030443148
    0.419773385    9.481929817   80.420043985
    0.423292923    9.678879492   25.869909954
    0.426812462    9.638919637  -50.289903092
    0.430332000    9.335143821 -120.097405508
    0.433851538    8.826840335 -163.663277288
    0.437371077    8.217961710 -177.685196422
    0.440890615    7.601110113 -170.748549901
    0.444410154    7.025414076 -155.811437595
    0.447929692    6.503024833 -142.260817120
    0.451449231    6.023641215 -130.981439845
    0.454968769    5.584587632 -117.994110496
    0.458488308    5.196505901 -102.328197010
    0.462007846    4.861030312  -89.636939398
    0.465527385    4.548544834  -91.859109917
    0.469046923    4.190434272 -114.774867279
    0.472566462    3.725942004 -149.246912294
    0.476086000    3.153379689 -171.942179705
    0.479605538    2.556022783 -161.208343320
    0.483125077    2.064296255 -113.004395104
    0.486644615    1.784503702  -45.651926724
    0.490164154    1.737911169   15.693927872
    0.493683692    1.863612177   49.936971837
    0.497203231    2.046652327   47.944800122
    0.500722769    2.161535061   11.798454916
    0.504242308    2.110371682  -42.068232626
    0.507761846    1.875246093  -88.329098353
    0.511281385    1.532554038  -98.952481599
    0.514800923    1.234459929  -63.846281191
    0.518320462    1.118121640   -1.418322338
    0.521840000    1.217323115   52.878319793
    0.525359538    1.446666999   68.896121822
    0.528879077    1.657474273   45.238057458
    0.532398615    1.747805601    5.107774677
    0.535918154    1.714650447  -19.358118426
    0.539437692    1.652745488  -11.221874984
    0.542957231    1.671327571   23.882915019
    0.546476769    1.823164532   60.349787103
    0.549996308    2.068006884   73.348228539
    0.553515846    2.305876562   57.384173447
    0.557035385    2.459266326   28.757984840
    0.560554923    2.527646717   12.944338133
    0.564074462    2.580973547   21.298706690
    0.567594000    2.696870760   44.839024460
    0.571113538    2.896608067   66.136797106
    0.574633077    3.143699307   70.687640290
    0.578152615    3.373812492   56.765437938
    0.581672154    3.534209365   32.753381816
    0.585191692    3.606604266    7.741039346
    0.588711231    3.599663877  -10.353360351
    0.592230769    3.545222410  -19.421039407
    0.595750308    3.474692463  -19.452862908
    0.599269846    3.415631584  -14.432203604
    0.602789385    3.379516135   -6.412147625
    0.606308923    3.376107590    5.103889657
    0.609828462    3.426788744   25.094842179
    0.613348000    3.574495717   62.051776289
    0.616867538    3.892074761  121.618061896
    0.620387077    4.462559400  205.392212529
    0.623906615    5.358202888  304.311435035
    0.627426154    6.600473638  397.737406698
    0.630945692    8.123298039  460.240462732
    0.634465231    9.778580798  470.710646512
    0.637984769   11.372402510  425.630408239
    0.641504308   12.730660394  341.309486646
    0.645023846   13.758957713  242.672666571
    0.648543385   14.451423937  152.847226941
    0.652062923   14.865095101   85.602597934
    0.655582462   15.085168705   42.576366622
    0.659102000   15.189611270   18.682140263
    0.662621538   15.232967828    7.419615741
    0.666141077   15.250242156    2.247409943
    0.669660615   15.255236060    0.631400594
    0.673180154   15.256989214   -0.000000000
    0.676699692   15.256989214   -0.000000000
    0.680219231   15.256989214   -0.000000000
    0.683738769   15.256989214   -0.000000000
    0.687258308   15.256989214   -0.000000000
    0.690777846   15.256989214   -0.000000000
    0.694297385   15.256989214   -0.000000000
    0.697816923   15.256989214   -0.000000000
    0.701336462   15.256989214   -0.000000000
    0.704856000   15.256989214   -0.000000000
    0.708375538   15.256989214   -0.000000000
    0.711895077   15.256989214   -0.000000000
    0.715414615   15.256989214   -0.000000000
    0.718934154   15.256989214   -0.000000000
    0.722453692   15.256989214   -0.000000000
    0.725973231   15.256989214   -0.000000000
    0.729492769   15.256989214   -0.000000000
    0.733012308   15.256989214   -0.000000000
    0.736531846   15.256989214   -0.000000000
    0.740051385   15.256989214   -0.000000000
    0.743570923   15.256989214   -0.000000000
    0.747090462   15.256989214   -0.000000000
    0.750610000   15.256989214   -0.000000000
