#! FIELDS dist file.free der_dist
#! SET min_dist 0.201562
#! SET max_dist 0.75061
#! SET nbins_dist  157
#! SET periodic_dist false
    0.201562000   15.256989214   -0.000000000
    0.205081538   15.256989214   -0.000000000
    0.208601077   15.256989214   -0.000000000
    0.212120615   15.256816088   -0.073092622
    0.215640154   15.256270106   -0.278294078
    0.219159692   15.253180224   -1.398677103
    0.222679231   15.243042047   -4.712648736
    0.226198769   15.213311238  -13.387847329
    0.229718308   15.134577319  -33.749027738
    0.233237846   14.950825035  -74.966165606
    0.236757385   14.569530412 -147.521623436
    0.240276923   13.868456670 -256.823125445
    0.243796462   12.726028820 -395.450775431
    0.247316000   11.080367017 -537.130543082
    0.250835538    8.987515387 -642.144135804
    0.254355077    6.648242311 -672.116706782
    0.257874615    4.365118149 -610.325419510
    0.261394154    2.441715661 -472.971903640
    0.264913692    1.074934921 -302.226710750
    0.268433231    0.297209216 -145.308627008
    0.271952769    0.000000000  -31.555985412
    0.275472308    0.024532302   40.201884703
    0.278991846    0.262553829   95.227630204
    0.282511385    0.709382038  162.211422963
    0.286030923    1.428662542  248.824812118
    0.289550462    2.459479254  333.687309895
    0.293070000    3.732975224  380.131168564
    0.296589538    5.062346383  364.236183305
    0.300109077    6.229337463  290.952562741
    0.303628615    7.088284857  196.716385726
    0.307148154    7.645292366  126.148886996
    0.310667692    8.045294193  110.266224619
    0.314187231    8.491087967  150.146645350
    0.317706769    9.134963910  215.839594287
    0.321226308    9.992680808  265.289777554
    0.324745846   10.948083119  267.075308616
    0.328265385   11.820323988  221.950371955
    0.331784923   12.482658410  152.496095267
    0.335304462   12.902802618   88.483994899
    0.338824000   13.127069960   41.438096728
    0.342343538   13.203165807    1.038478604
    0.345863077   13.123903058  -49.013200044
    0.349382615   12.844292068 -110.649006769
    0.352902154   12.355558349 -163.091221349
    0.356421692   11.746885699 -174.171439509
    0.359941231   11.201838921 -126.367365552
    0.363460769   10.909285945  -36.112020710
    0.366980308   10.942676361   50.094977938
    0.370499846   11.199322817   84.312821116
    0.374019385   11.451578746   48.030077318
    0.377538923   11.480476712  -35.559796888
    0.381058462   11.203638738 -117.545805014
    0.384578000   10.705259425 -156.636361948
    0.388097538   10.161934541 -144.961915627
    0.391617077    9.716204863 -106.845191338
    0.395136615    9.401807239  -74.656829389
    0.398656154    9.166086937  -61.873156036
    0.402175692    8.958346433  -55.737262524
    0.405695231    8.794202416  -34.247372769
    0.409214769    8.747366890   10.835040354
    0.412734308    8.878804618   62.785432624
    0.416253846    9.163378590   93.030443148
    0.419773385    9.481929817   80.420043985
    0.423292923    9.678879492   25.869909954
    0.426812462    9.638919637  -50.289903092
    0.430332000    9.335143821 -120.097405508
    0.433851538    8.826840335 -163.663277288
    0.437371077    8.217961710 -177.685196422
    0.440890615    7.601110113 -170.748549901
    0.444410154    7.025414076 -155.811437595
    0.447929692    6.503024833 -142.260817120
    0.451449231    6.023641215 -130.981439845
    0.454968769    5.584587632 -117.994110496
    0.458488308    5.196505901 -102.328197010
    0.462007846    4.861030312  -89.636939398
    0.465527385    4.548544834  -91.859109917
    0.469046923    4.190434272 -114.774867279
    0.472566462    3.725942004 -149.246912294
    0.476086000    3.153379689 -171.942179705
    0.479605538    2.556022783 -161.208343320
    0.483125077    2.064124620 -113.072868064
    0.486644615    1.783679846  -45.957840631
    0.490164154    1.735046047   14.728529369
    0.493683692    1.854782486   47.264759272
    0.497203231    2.022533707   41.471582085
    0.500722769    2.103129434   -1.880162199
    0.504242308    1.984960012  -67.158562263
    0.507761846    1.636420515 -127.968363166
    0.511281385    1.129138464 -152.174975422
    0.514800923    0.629938870 -123.039437331
    0.518320462    0.314193431  -52.884399209
    0.521840000    0.268411297   24.182741499
    0.525359538    0.451551974   71.988610090
    0.528879077    0.727706848   77.899545208
    0.532398615    0.966984317   54.307112163
    0.535918154    1.109554782   28.373182053
    0.539437692    1.189483301   19.598909162
    0.542957231    1.273796210   29.820074119
    0.546476769    1.402325625   41.851456520
    0.549996308    1.547939222   36.811913134
    0.553515846    1.637546504   11.030155942
    0.557035385    1.620772744  -20.682306194
    0.560554923    1.516471010  -35.092088107
    0.564074462    1.409540786  -20.953828916
    0.567594000    1.396428969   14.910848790
    0.571113538    1.523563006   55.827150032
    0.574633077    1.774452572   83.058900866
    0.578152615    2.082092056   87.032078007
    0.581672154    2.365240420   70.316291619
    0.585191692    2.567675573   42.906427661
    0.588711231    2.674456799   19.174422323
    0.592230769    2.717428871    7.054673488
    0.595750308    2.739288496    6.716062196
    0.599269846    2.769756258    9.355513356
    0.602789385    2.803654899    8.497975877
    0.606308923    2.827427813    5.182784001
    0.609828462    2.851111219   10.233313263
    0.613348000    2.928445431   37.994939984
    0.616867538    3.155194447   94.739196839
    0.620387077    3.627083456  175.327016071
    0.623906615    4.397524446  260.872476185
    0.627426154    5.441601699  326.316134887
    0.630945692    6.650514469  353.213075860
    0.634465231    7.877073110  337.039196416
    0.637984769    8.989660098  291.015234062
    0.641504308    9.918830595  236.981600528
    0.645023846   10.669007582  191.529159199
    0.648543385   11.287966329  162.139087625
    0.652062923   11.833356027  149.454562757
    0.655582462   12.356611899  148.713379613
    0.659102000   12.887991653  152.273290281
    0.662621538   13.425796504  151.798505631
    0.666141077   13.943456317  139.263250646
    0.669660615   14.394264235  114.885798912
    0.673180154   14.744907655   83.409347087
    0.676699692   14.983973332   53.172216681
    0.680219231   15.127162733   29.574676471
    0.683738769   15.202280107   14.286216945
    0.687258308   15.236655189    5.986695887
    0.690777846   15.250208072    2.235152848
    0.694297385   15.254991259    0.728870685
    0.697816923   15.256989214   -0.000000000
    0.701336462   15.256989214   -0.000000000
    0.704856000   15.256989214   -0.000000000
    0.708375538   15.256989214   -0.000000000
    0.711895077   15.256989214   -0.000000000
    0.715414615   15.256989214   -0.000000000
    0.718934154   15.256989214   -0.000000000
    0.722453692   15.256989214   -0.000000000
    0.725973231   15.256989214   -0.000000000
    0.729492769   15.256989214   -0.000000000
    0.733012308   15.256989214   -0.000000000
    0.736531846   15.256989214   -0.000000000
    0.740051385   15.256989214   -0.000000000
    0.743570923   15.256989214   -0.000000000
    0.747090462   15.256989214   -0.000000000
    0.750610000   15.256989214   -0.000000000
