#! FIELDS dist file.free der_dist
#! SET min_dist 0.201562
#! SET max_dist 0.75061
#! SET nbins_dist  157
#! SET periodic_dist false
    0.201562000   55.372449079   -0.689126276
    0.205081538   55.365328614   -3.271483863
    0.208601077   55.341589639  -11.063452110
    0.212120615   55.270302849  -32.092796513
    0.215640154   55.080038016  -81.905278468
    0.219159692   54.629127991 -184.967695640
    0.222679231   53.679035683 -370.553367459
    0.226198769   51.895398891 -660.375198594
    0.229718308   48.912052561 -1047.861121674
    0.233237846   44.460437408 -1482.401892355
    0.236757385   38.526918906 -1872.321675220
    0.240276923   31.455437144 -2113.044701880
    0.243796462   23.915207870 -2130.945041515
    0.247316000   16.729491848 -1916.185828674
    0.250835538   10.629246001 -1528.549931754
    0.254355077    6.049647927 -1070.971618162
    0.257874615    3.045602041 -648.943931480
    0.261394154    1.352528639 -333.545510274
    0.264913692    0.546114680 -144.293635022
    0.268433231    0.214228104  -57.429896537
    0.271952769    0.072648919  -28.130392607
    0.275472308    0.000000000  -11.760848309
    0.278991846    0.010144047   22.424262399
    0.282511385    0.193996820   86.032641782
    0.286030923    0.643205062  169.035780819
    0.289550462    1.381036029  244.983311706
    0.293070000    2.333050810  286.445524783
    0.296589538    3.353336312  284.178460598
    0.300109077    4.301152315  248.602049422
    0.303628615    5.097472514  202.827341761
    0.307148154    5.747846883  167.506501402
    0.310667692    6.314206294  156.950286468
    0.314187231    6.890540840  172.620229702
    0.317706769    7.552651055  201.603770202
    0.321226308    8.308389985  222.868321204
    0.324745846    9.093881207  215.168197527
    0.328265385    9.799167311  180.607991482
    0.331784923   10.362644057  138.938744198
    0.335304462   10.807887327  117.855690381
    0.338824000   11.234780634  127.233288790
    0.342343538   11.729307220  151.305029398
    0.345863077   12.286630984  158.398816393
    0.349382615   12.800919431  124.672654370
    0.352902154   13.127488015   55.293556726
    0.356421692   13.190264651  -18.551001643
    0.359941231   13.038966765  -61.311852417
    0.363460769   12.822214955  -56.030989028
    0.366980308   12.690790166  -16.794342812
    0.370499846   12.710216460   24.648585386
    0.374019385   12.838247290   40.109200107
    0.377538923   12.960639923   23.411976970
    0.381058462   12.980014534  -16.198588839
    0.384578000   12.851018241  -57.659205747
    0.388097538   12.595434675  -85.591442004
    0.391617077   12.271479165  -97.552346112
    0.395136615   11.924328337  -99.890295107
    0.398656154   11.572989134 -100.741269122
    0.402175692   11.219384265 -101.758166046
    0.405695231   10.862666375 -103.306933527
    0.409214769   10.496305510 -106.658604864
    0.412734308   10.107431833 -116.277803852
    0.416253846    9.677896761 -130.322516290
    0.419773385    9.202728037 -140.555701986
    0.423292923    8.705903809 -140.504500480
    0.426812462    8.225316623 -133.416435901
    0.430332000    7.777844773 -123.032606491
    0.433851538    7.366483496 -111.849697961
    0.437371077    6.994716183  -99.603891701
    0.440890615    6.670460255  -86.839043118
    0.444410154    6.386568350  -76.589240096
    0.447929692    6.128563195  -73.360567254
    0.451449231    5.873223914  -73.502551396
    0.454968769    5.620636111  -69.812743006
    0.458488308    5.395722179  -57.523741802
    0.462007846    5.225577651  -40.986515804
    0.465527385    5.111145781  -27.332722848
    0.469046923    5.030449137  -21.123587282
    0.472566462    4.961333755  -19.320860354
    0.476086000    4.898028498  -17.951407046
    0.479605538    4.840421392  -16.759376683
    0.483125077    4.781362150  -19.814461283
    0.486644615    4.703062921  -27.599064512
    0.490164154    4.596006544  -33.968334465
    0.493683692    4.477529038  -33.719229235
    0.497203231    4.372111354  -27.684199658
    0.500722769    4.286231280  -24.630973198
    0.504242308    4.195175565  -29.564117152
    0.507761846    4.078247514  -38.432319001
    0.511281385    3.943313750  -36.338796718
    0.514800923    3.849379381  -16.265076132
    0.518320462    3.848154228   13.113033733
    0.521840000    3.937877709   33.372257288
    0.525359538    4.059121408   29.617989675
    0.528879077    4.131273680    7.930838289
    0.532398615    4.122941677  -13.351029955
    0.535918154    4.065080603  -17.393429851
    0.539437692    4.028704729   -2.854213459
    0.542957231    4.060841533   18.592501455
    0.546476769    4.153029382   29.598899651
    0.549996308    4.248531720   19.831989654
    0.553515846    4.280140318   -4.443550898
    0.557035385    4.230568296  -23.332700274
    0.560554923    4.153211651  -17.642637710
    0.564074462    4.142365838   13.414847832
    0.567594000    4.261922118   51.804776624
    0.571113538    4.496885251   76.037521542
    0.574633077    4.772293050   74.012972596
    0.578152615    5.000699399   51.460338008
    0.581672154    5.133941761   22.579390476
    0.585191692    5.172608013   -1.779832697
    0.588711231    5.143671227  -13.799957268
    0.592230769    5.095263923  -13.427744486
    0.595750308    5.071333847    1.041790611
    0.599269846    5.122512555   27.608447843
    0.602789385    5.285484944   64.516353327
    0.606308923    5.587790848  105.861972222
    0.609828462    6.031670046  143.038150117
    0.613348000    6.584990181  166.421116563
    0.616867538    7.183998716  168.375940848
    0.620387077    7.753007219  150.479771495
    0.623906615    8.243678743  126.679370625
    0.627426154    8.667825464  116.420272841
    0.630945692    9.103532998  135.317481955
    0.634465231    9.662018264  184.878852245
    0.637984769   10.435365855  254.222320389
    0.641504308   11.458874486  323.819425755
    0.645023846   12.699107138  375.648352609
    0.648543385   14.079043789  402.338978184
    0.652062923   15.520978024  413.551833247
    0.655582462   17.001447582  427.794908233
    0.659102000   18.561844317  460.175650657
    0.662621538   20.269267177  510.538554124
    0.666141077   22.159637178  559.220338555
    0.669660615   24.187279190  586.623304872
    0.673180154   26.264444511  588.154977205
    0.676699692   28.328709187  584.677665250
    0.680219231   30.413513228  604.171352806
    0.683738769   32.630430082  658.735830754
    0.687258308   35.080504402  732.145331147
    0.690777846   37.768731893  787.596912219
    0.694297385   40.572905017  794.926001026
    0.697816923   43.303133191  746.450173268
    0.701336462   45.784781653  656.252103987
    0.704856000   47.909797216  548.629970188
    0.708375538   49.654483332  443.163322058
    0.711895077   51.051696406  353.020251311
    0.715414615   52.166530023  281.954722297
    0.718934154   53.060741238  227.702142606
    0.722453692   53.781542713  181.673185586
    0.725973231   54.346821076  138.599811972
    0.729492769   54.763761880   97.742510344
    0.733012308   55.043969995   62.422915839
    0.736531846   55.213705351   35.288160890
    0.740051385   55.304759674   17.468105981
    0.743570923   55.347775850    7.484323751
    0.747090462   55.365036446    2.919567182
    0.750610000   55.371395987    0.993909830
