#! FIELDS dist file.free der_dist
#! SET min_dist 0.201562
#! SET max_dist 0.75061
#! SET nbins_dist  157
#! SET periodic_dist false
    0.201562000   59.141344219   -1.155000236
    0.205081538   59.130647645   -4.917909980
    0.208601077   59.096363722  -15.818141918
    0.212120615   58.997172825  -44.112438080
    0.215640154   58.741239683 -108.777805062
    0.219159692   58.153281703 -238.122192921
    0.222679231   56.950080620 -463.376321372
    0.226198769   54.753849298 -802.971785668
    0.229718308   51.180048796 -1239.251979140
    0.233237846   45.993087250 -1704.201739369
    0.236757385   39.275160918 -2089.396396065
    0.240276923   31.509053767 -2284.143826451
    0.243796462   23.495087209 -2225.728894354
    0.247316000   16.122297457 -1929.161067092
    0.250835538   10.092233832 -1480.964307499
    0.254355077    5.733939853 -999.106956039
    0.257874615    2.974324102 -586.439459548
    0.261394154    1.455240337 -298.609127204
    0.264913692    0.720030683 -137.662189818
    0.268433231    0.375555498  -69.116836130
    0.271952769    0.178158283  -46.386146188
    0.275472308    0.042007141  -28.677515367
    0.278991846    0.000000000    9.804085881
    0.282511385    0.147384113   77.470853708
    0.286030923    0.572097182  163.052431036
    0.289550462    1.291401592  239.911743887
    0.293070000    2.225043031  280.731382130
    0.296589538    3.222269656  276.594953845
    0.300109077    4.139573533  238.762580510
    0.303628615    4.898415985  191.534476373
    0.307148154    5.509575145  156.858079861
    0.310667692    6.044548754  150.263403671
    0.314187231    6.610234475  173.745063441
    0.317706769    7.294756754  213.372121258
    0.321226308    8.110907516  244.881437297
    0.324745846    8.985735037  242.612316257
    0.328265385    9.785762510  205.455009143
    0.331784923   10.421022014  153.845030557
    0.335304462   10.896880369  120.243954259
    0.338824000   11.314838849  120.677013848
    0.342343538   11.781106856  143.013038970
    0.345863077   12.316781266  155.145245427
    0.349382615   12.834266522  129.747802887
    0.352902154   13.192434255   67.517078038
    0.356421692   13.304657176   -3.718768670
    0.359941231   13.201449212  -50.073114329
    0.363460769   13.009223687  -54.428459297
    0.366980308   12.859868590  -29.202185810
    0.370499846   12.808600103   -3.065052246
    0.374019385   12.815617975   -0.176273847
    0.377538923   12.783494557  -22.917739055
    0.381058462   12.641540315  -60.327467539
    0.384578000   12.371530326  -93.084603813
    0.388097538   12.010198250 -110.570371978
    0.391617077   11.612206150 -115.724859241
    0.395136615   11.204155583 -117.442715352
    0.398656154   10.785292056 -121.968962234
    0.402175692   10.351120648 -125.807042115
    0.405695231    9.913407433 -124.036974665
    0.409214769    9.491881349 -116.137361385
    0.412734308    9.098359511 -109.102610229
    0.416253846    8.724608992 -106.332171128
    0.419773385    8.356494081 -105.094303370
    0.423292923    7.992641713 -102.069675775
    0.426812462    7.639910910 -100.725392644
    0.430332000    7.287995291 -102.256384904
    0.433851538    6.925010738 -105.286531711
    0.437371077    6.553888681 -105.315154563
    0.440890615    6.194890904 -100.080933671
    0.444410154    5.859092640  -92.353090660
    0.447929692    5.546005637  -88.903330363
    0.451449231    5.236079841  -89.517174800
    0.454968769    4.922529468  -89.120838766
    0.458488308    4.620881790  -82.085147700
    0.462007846    4.356449510  -69.662052549
    0.465527385    4.140595021  -55.401299017
    0.469046923    3.971462832  -42.399963521
    0.472566462    3.847124166  -29.090541648
    0.476086000    3.771790946  -15.425117028
    0.479605538    3.739863672   -5.733053255
    0.483125077    3.725218388   -6.923250711
    0.486644615    3.686767225  -18.812921367
    0.490164154    3.599706327  -31.457865778
    0.493683692    3.482256217  -35.072799551
    0.497203231    3.373079198  -27.692726140
    0.500722769    3.296522789  -18.988727015
    0.504242308    3.236660921  -17.992222069
    0.507761846    3.165549583  -25.103338044
    0.511281385    3.071726196  -27.470182392
    0.514800923    2.994635505  -16.083265445
    0.518320462    2.979114143    5.112258404
    0.521840000    3.033186155   21.903987878
    0.525359538    3.116693920   20.312516855
    0.528879077    3.165359585    3.945658840
    0.532398615    3.152994301  -11.960013469
    0.535918154    3.108119397  -11.699914416
    0.539437692    3.099832850    7.506447885
    0.542957231    3.179897599   35.693163000
    0.546476769    3.347552692   55.359140523
    0.549996308    3.548113934   52.991960178
    0.553515846    3.702232508   30.643760530
    0.557035385    3.767506414    5.266374531
    0.560554923    3.768115308   -3.048037226
    0.564074462    3.779235903   11.158663389
    0.567594000    3.865899656   36.287834599
    0.571113538    4.035403078   55.853417696
    0.574633077    4.246689210   59.227984010
    0.578152615    4.444510785   49.603149431
    0.581672154    4.598750452   36.098508142
    0.585191692    4.707935679   23.545654072
    0.588711231    4.777274763   14.912306204
    0.592230769    4.820708315    8.160931385
    0.595750308    4.846797522    6.483421680
    0.599269846    4.881139786   12.098438065
    0.602789385    4.952452890   28.320724127
    0.606308923    5.097739122   53.882034320
    0.609828462    5.343321447   83.898514712
    0.613348000    5.692188705  111.196236002
    0.616867538    6.121319140  128.690319205
    0.620387077    6.591825155  135.049322716
    0.623906615    7.075592606  137.724916178
    0.627426154    7.578220429  148.299012395
    0.630945692    8.146682996  176.587395412
    0.634465231    8.848740312  223.402738172
    0.637984769    9.740984866  282.464763367
    0.641504308   10.844315433  341.253254537
    0.645023846   12.133220207  386.699408703
    0.648543385   13.548214646  411.612160215
    0.652062923   15.021969815  421.939504198
    0.655582462   16.525703936  431.574574214
    0.659102000   18.083203766  453.701967018
    0.662621538   19.743525328  489.564277840
    0.666141077   21.532059346  521.945067789
    0.669660615   23.399487453  532.580380486
    0.673180154   25.257448509  517.626896549
    0.676699692   27.048008946  500.335998753
    0.680219231   28.823071282  514.373502632
    0.683738769   30.736559686  579.041953973
    0.687258308   32.954908415  683.687514414
    0.690777846   35.560593568  792.486182866
    0.694297385   38.502884800  870.425944258
    0.697816923   41.635429995  899.362344067
    0.701336462   44.781021045  877.557542019
    0.704856000   47.769949940  812.619129027
    0.708375538   50.466268178  713.329912172
    0.711895077   52.771921968  593.678737642
    0.715414615   54.645372657  469.580179638
    0.718934154   56.095496441  356.190849268
    0.722453692   57.175028699  258.972671284
    0.725973231   57.944161919  179.468290948
    0.729492769   58.463267807  116.684380304
    0.733012308   58.788410311   70.147380529
    0.736531846   58.975794672   37.962752021
    0.740051385   59.072816366   18.227587716
    0.743570923   59.117939510    7.484323751
    0.747090462   59.135200107    2.919567182
    0.750610000   59.141559647    0.993909830
