#! FIELDS dist file.free der_dist
#! SET min_dist 0.201562
#! SET max_dist 0.75061
#! SET nbins_dist  157
#! SET periodic_dist false
    0.201562000   43.888677053   -0.067739624
    0.205081538   43.886722988   -0.830062899
    0.208601077   43.879633268   -3.345187767
    0.212120615   43.855886903  -10.985369889
    0.215640154   43.785964768  -31.145001808
    0.219159692   43.604173913  -77.449801004
    0.222679231   43.184763972 -170.236994279
    0.226198769   42.321931598 -332.936641697
    0.229718308   40.738990986 -580.493158671
    0.233237846   38.143275336 -904.354379892
    0.236757385   34.331490115 -1261.186089577
    0.240276923   29.314200640 -1575.132389093
    0.243796462   23.394990385 -1759.976276110
    0.247316000   17.152392461 -1752.109415506
    0.250835538   11.300053116 -1541.609368758
    0.254355077    6.477392933 -1180.524840331
    0.257874615    3.053850847 -764.158017015
    0.261394154    1.044340947 -391.448077126
    0.264913692    0.167575225 -127.298947360
    0.268433231    0.000000000   12.992701980
    0.271952769    0.142654627   55.990442093
    0.275472308    0.336304516   50.745913679
    0.278991846    0.500740258   47.133899451
    0.282511385    0.708198780   77.761874527
    0.286030923    1.093117641  144.726750401
    0.289550462    1.741382865  221.008266822
    0.293070000    2.620417559  269.587152103
    0.296589538    3.590047777  271.533710142
    0.300109077    4.492649574  235.450117868
    0.303628615    5.242154390  190.545094899
    0.307148154    5.863786659  165.825777024
    0.310667692    6.459430544  177.175200424
    0.314187231    7.152240815  218.630388503
    0.317706769    8.008661827  263.747603194
    0.321226308    8.981911178  281.018321330
    0.324745846    9.933156704  248.960254586
    0.328265385   10.697805488  180.582180952
    0.331784923   11.208221824  111.269672875
    0.335304462   11.529477056   78.378597356
    0.338824000   11.818271601   90.391628928
    0.342343538   12.196425321  122.613566066
    0.345863077   12.663140204  135.092639937
    0.349382615   13.097100727  102.198145999
    0.352902154   13.342990038   32.422964601
    0.356421692   13.328920915  -37.976176493
    0.359941231   13.124975791  -70.040429784
    0.363460769   12.907979682  -45.809693548
    0.366980308   12.853299316   17.388954062
    0.370499846   13.030950599   79.489321483
    0.374019385   13.368725978  101.912898458
    0.377538923   13.692784367   73.416619403
    0.381058462   13.845198471    8.265937514
    0.384578000   13.751776204  -60.630171621
    0.388097538   13.448806071 -107.062107700
    0.391617077   13.034776243 -124.993901284
    0.395136615   12.594646793 -123.769085536
    0.398656154   12.172129086 -116.475779679
    0.402175692   11.779363969 -107.602177506
    0.405695231   11.419740336  -98.697008788
    0.409214769   11.086896096  -92.361600357
    0.412734308   10.760570955  -95.420769814
    0.416253846   10.407362840 -108.247615703
    0.419773385   10.002358789 -122.823164683
    0.423292923    9.552819817 -131.555709404
    0.426812462    9.084696493 -134.822492543
    0.430332000    8.613574501 -134.487141821
    0.433851538    8.146995146 -130.783515863
    0.437371077    7.699808632 -122.474861275
    0.440890615    7.292625405 -110.063353434
    0.444410154    6.929950701  -97.334430795
    0.447929692    6.606008441  -89.541150039
    0.451449231    6.304157770  -83.005880659
    0.454968769    6.032410034  -70.383365610
    0.458488308    5.823716297  -47.185171466
    0.462007846    5.709751453  -19.101810928
    0.465527385    5.688776766    3.425681015
    0.469046923    5.721080549   11.245365052
    0.472566462    5.750857173    2.830556376
    0.476086000    5.728242005  -18.357195131
    0.479605538    5.618337204  -45.820794106
    0.483125077    5.412063711  -72.040440089
    0.486644615    5.131323725  -86.795965673
    0.490164154    4.830972933  -81.356086379
    0.493683692    4.583030586  -58.720561474
    0.497203231    4.426168607  -33.177171769
    0.500722769    4.336654710  -23.219533373
    0.504242308    4.241682330  -34.480537127
    0.507761846    4.086645486  -54.713490298
    0.511281385    3.880828012  -58.402487684
    0.514800923    3.715973426  -31.919796195
    0.518320462    3.687733936   15.535040385
    0.521840000    3.825788943   59.018623077
    0.525359538    4.074632855   75.834936135
    0.528879077    4.333355188   66.497342584
    0.532398615    4.538946968   48.564765224
    0.535918154    4.694771332   41.669306136
    0.539437692    4.855305594   49.902304997
    0.542957231    5.056288139   61.421331664
    0.546476769    5.272980224   56.912896777
    0.549996308    5.427141912   25.232525461
    0.553515846    5.433986331  -23.315552182
    0.557035385    5.280940352  -61.331026440
    0.560554923    5.053199909  -62.483152546
    0.564074462    4.892757520  -24.429504630
    0.567594000    4.904821308   29.827024334
    0.571113538    5.091663692   70.566034329
    0.574633077    5.368975670   79.870197179
    0.578152615    5.628245168   62.782709542
    0.581672154    5.805963924   36.929822154
    0.585191692    5.901417867   16.752959194
    0.588711231    5.946326443    9.969838613
    0.592230769    5.986448124   12.725639283
    0.595750308    6.047171356   21.951923186
    0.599269846    6.148308249   34.180899235
    0.602789385    6.299428056   51.155271340
    0.606308923    6.520592796   74.472436828
    0.609828462    6.834063132  102.699627985
    0.613348000    7.247503865  129.696517681
    0.616867538    7.738075066  144.895630390
    0.620387077    8.251442208  142.505905307
    0.623906615    8.733906325  129.219596217
    0.627426154    9.175550601  123.443367918
    0.630945692    9.640491886  145.872790847
    0.634465231   10.247887258  203.498637597
    0.637984769   11.106434271  284.477954333
    0.641504308   12.250650926  360.826268996
    0.645023846   13.611331399  404.517204868
    0.648543385   15.052735793  406.365806557
    0.652062923   16.450458626  384.605371119
    0.655582462   17.776299416  371.305413725
    0.659102000   19.112114195  392.529899733
    0.662621538   20.591172714  451.970741596
    0.666141077   22.317528780  527.808289816
    0.669660615   24.297625581  592.248457045
    0.673180154   26.455208471  626.398833558
    0.676699692   28.678596766  631.849245742
    0.680219231   30.888821902  621.660439569
    0.683738769   33.056461416  608.332577910
    0.687258308   35.174035779  592.820966321
    0.690777846   37.214530011  561.483574960
    0.694297385   39.095639044  501.044817043
    0.697816923   40.707193798  409.231516990
    0.701336462   41.960493685  299.912833519
    0.704856000   42.830002985  195.669915292
    0.708375538   43.366132111  112.669132199
    0.711895077   43.657972259   57.106314461
    0.715414615   43.799024951   25.011952410
    0.718934154   43.857241022    9.859213681
    0.722453692   43.878918744    3.435637697
    0.725973231   43.886734693    0.784073590
    0.729492769   43.888839419   -0.000000000
    0.733012308   43.888839419   -0.000000000
    0.736531846   43.888839419   -0.000000000
    0.740051385   43.888839419   -0.000000000
    0.743570923   43.888839419   -0.000000000
    0.747090462   43.888839419   -0.000000000
    0.750610000   43.888839419   -0.000000000
