#! FIELDS dist file.free der_dist
#! SET min_dist 0.201562
#! SET max_dist 0.75061
#! SET nbins_dist  157
#! SET periodic_dist false
    0.201562000   44.161310187   -0.067739624
    0.205081538   44.159270350   -0.864347811
    0.208601077   44.151901771   -3.479594404
    0.212120615   44.127264542  -11.404696475
    0.215640154   44.054770383  -32.291141523
    0.219159692   43.866472933  -80.188104912
    0.222679231   43.432653141 -175.946841823
    0.226198769   42.542072214 -343.256873617
    0.229718308   40.912856116 -596.555827909
    0.233237846   38.250921800 -925.631338248
    0.236757385   34.359160844 -1284.636336525
    0.240276923   29.262886121 -1595.620516119
    0.243796462   23.284653844 -1772.277623643
    0.247316000   17.017701278 -1753.512605643
    0.250835538   11.178227609 -1533.451742960
    0.254355077    6.394483549 -1167.512361805
    0.257874615    3.016841232 -751.975462725
    0.261394154    1.042106847 -384.371037230
    0.264913692    0.178326025 -127.071105306
    0.268433231    0.000000000    6.883764779
    0.271952769    0.112631930   45.431103108
    0.275472308    0.264920642   38.235244745
    0.278991846    0.385603339   35.164705973
    0.282511385    0.554777588   68.202768320
    0.286030923    0.911614532  138.292081273
    0.289550462    1.542419712  217.381712745
    0.293070000    2.412778078  268.226321520
    0.296589538    3.381735144  272.642543109
    0.300109077    4.294269956  240.232524907
    0.303628615    5.068982770  200.211111079
    0.307148154    5.733238827  180.168944705
    0.310667692    6.384611952  193.989761909
    0.314187231    7.135944746  234.434418295
    0.317706769    8.041464457  275.420396385
    0.321226308    9.045796301  286.866705888
    0.324745846   10.006973876  248.752990169
    0.328265385   10.761074138  174.900664823
    0.331784923   11.242995039  100.917190242
    0.335304462   11.521688158   64.886009512
    0.338824000   11.761490121   76.651979181
    0.342343538   12.096858182  112.664879840
    0.345863077   12.540990055  132.649488794
    0.349382615   12.981774788  108.425117880
    0.352902154   13.261990601   45.064898454
    0.356421692   13.297234089  -23.414419887
    0.359941231   13.141274124  -57.923664997
    0.363460769   12.958924700  -38.397212735
    0.366980308   12.921943281   20.193811323
    0.370499846   13.103157274   78.909720900
    0.374019385   13.434506877   98.964864882
    0.377538923   13.744790638   68.612660201
    0.381058462   13.877959456    2.343687669
    0.384578000   13.764096175  -66.011911855
    0.388097538   13.446414525 -109.717084385
    0.391617077   13.030045064 -123.653580088
    0.395136615   12.600760006 -119.291305299
    0.398656154   12.195319806 -111.865178931
    0.402175692   11.813559464 -106.513397354
    0.405695231   11.447801183 -103.448953673
    0.409214769   11.087997283 -102.634492929
    0.412734308   10.719726100 -108.379893909
    0.416253846   10.322103542 -119.855553993
    0.419773385    9.883871098 -129.655343572
    0.423292923    9.421243809 -132.094963039
    0.426812462    8.961579648 -129.827647051
    0.430332000    8.514555531 -126.246037342
    0.433851538    8.078629176 -122.088105849
    0.437371077    7.659647411 -115.408887262
    0.440890615    7.272748459 -105.700199516
    0.444410154    6.920171716  -95.976561658
    0.447929692    6.595504416  -91.301210835
    0.451449231    6.281837063  -87.941306232
    0.454968769    5.987556312  -78.155049372
    0.458488308    5.748094105  -56.645588490
    0.462007846    5.600324229  -28.636733070
    0.465527385    5.547663519   -4.935380987
    0.469046923    5.552689669    3.975449905
    0.472566462    5.557298812   -4.406186646
    0.476086000    5.507922485  -26.360595793
    0.479605538    5.369463174  -53.742770347
    0.483125077    5.138929549  -77.413836283
    0.486644615    4.847740512  -87.049845540
    0.490164154    4.556980050  -75.768263302
    0.493683692    4.336682916  -49.062992393
    0.497203231    4.216501221  -22.474244290
    0.500722769    4.163073130  -13.646497068
    0.504242308    4.099288432  -26.231520375
    0.507761846    3.972337528  -46.804891608
    0.511281385    3.794834635  -50.255781381
    0.514800923    3.657815456  -24.599101196
    0.518320462    3.650281329   19.433588080
    0.521840000    3.791445700   56.400951878
    0.525359538    4.015980034   64.411638259
    0.528879077    4.218275617   45.993080328
    0.532398615    4.339093839   21.534066428
    0.535918154    4.395580631   13.281305796
    0.539437692    4.463130006   26.482270376
    0.542957231    4.598088715   47.854025081
    0.546476769    4.786507389   54.149481318
    0.549996308    4.945164216   29.604091264
    0.553515846    4.970788495  -18.081234047
    0.557035385    4.829396026  -60.570790087
    0.560554923    4.593459165  -67.781387734
    0.564074462    4.406796990  -33.407011203
    0.567594000    4.386808081   21.253081464
    0.571113538    4.548676582   65.171740239
    0.574633077    4.812793493   77.481186673
    0.578152615    5.065236543   60.686652711
    0.581672154    5.231561705   32.107637058
    0.585191692    5.303366604    8.209228161
    0.588711231    5.314472957   -0.173414709
    0.592230769    5.322527492    5.465952853
    0.595750308    5.369524846   22.011075989
    0.599269846    5.487707778   43.959300740
    0.602789385    5.689963179   70.098271669
    0.606308923    5.989954413   99.665464871
    0.609828462    6.397321933  130.053689087
    0.613348000    6.904539699  154.901034715
    0.616867538    7.474277317  164.055506448
    0.620387077    8.040411123  152.993773225
    0.623906615    8.543411706  130.463965389
    0.627426154    8.975525470  117.270055649
    0.630945692    9.410827391  135.893859444
    0.634465231    9.982844406  193.932751413
    0.637984769   10.813575140  278.606843869
    0.641504308   11.945631765  359.726100678
    0.645023846   13.309205526  406.880156044
    0.648543385   14.760488828  408.946627232
    0.652062923   16.161737867  383.308985308
    0.655582462   17.470934354  362.626334943
    0.659102000   18.759823514  374.289471884
    0.662621538   20.156232839  423.147707969
    0.666141077   21.762219479  488.299603786
    0.669660615   23.586778335  543.980826188
    0.673180154   25.567598387  575.742075165
    0.676699692   27.625805301  591.012989252
    0.680219231   29.731986829  605.776436429
    0.683738769   31.904748332  628.129759153
    0.687258308   34.156151658  647.797535371
    0.690777846   36.435034824  639.094417428
    0.694297385   38.601788206  582.619147885
    0.697816923   40.482943581  478.798477430
    0.701336462   41.947314298  349.665787773
    0.704856000   42.956870041  226.075059237
    0.708375538   43.572950115  128.681055309
    0.711895077   43.904365041   64.396198364
    0.715414615   44.062377337   27.915055826
    0.718934154   44.126972136   10.868562986
    0.722453692   44.151029598    3.632755767
    0.725973231   44.159367827    0.784073590
    0.729492769   44.161472554   -0.000000000
    0.733012308   44.161472554   -0.000000000
    0.736531846   44.161472554   -0.000000000
    0.740051385   44.161472554   -0.000000000
    0.743570923   44.161472554   -0.000000000
    0.747090462   44.161472554   -0.000000000
    0.750610000   44.161472554   -0.000000000
