#! FIELDS dist file.free der_dist
#! SET min_dist 0.201562
#! SET max_dist 0.75061
#! SET nbins_dist  157
#! SET periodic_dist false
    0.201562000   49.933843590   -0.284895335
    0.205081538   49.929988545   -1.742897754
    0.208601077   49.916360360   -6.422539239
    0.212120615   49.873057358  -19.832168643
    0.215640154   49.751275023  -53.435028243
    0.219159692   49.448391008 -126.742052132
    0.222679231   48.780096587 -265.899884093
    0.226198769   47.468042127 -495.514242164
    0.229718308   45.175893186 -821.312278081
    0.233237846   41.605814046 -1213.118822710
    0.236757385   36.639920726 -1599.594736574
    0.240276923   30.464055319 -1884.547354185
    0.243796462   23.593232315 -1983.245772013
    0.247316000   16.766928086 -1858.583652201
    0.250835538   10.737561988 -1540.465363233
    0.254355077    6.049031257 -1114.178676202
    0.257874615    2.893817898 -686.607411726
    0.261394154    1.111464442 -344.977013877
    0.264913692    0.314337192 -129.042640792
    0.268433231    0.063991790  -29.364313150
    0.271952769    0.017572028   -4.852063732
    0.275472308    0.000000000   -4.923464229
    0.278991846    0.001854577   12.092018528
    0.282511385    0.130262293   67.037786659
    0.286030923    0.515512189  154.131717064
    0.289550462    1.222528489  243.618882510
    0.293070000    2.197705352  300.844909058
    0.296589538    3.289999664  309.537933852
    0.300109077    4.334710448  277.232440718
    0.303628615    5.227830906  228.638896380
    0.307148154    5.960351254  188.545318574
    0.310667692    6.594151067  174.913431332
    0.314187231    7.232693324  190.718499691
    0.317706769    7.961548576  221.667659763
    0.321226308    8.789052931  243.102546168
    0.324745846    9.637412980  229.629627924
    0.328265385   10.372208226  182.029006360
    0.331784923   10.911509992  123.926989516
    0.335304462   11.279947455   90.789693078
    0.338824000   11.605372656   98.972756995
    0.342343538   12.014142407  132.335510165
    0.345863077   12.526070483  151.195277739
    0.349382615   13.023829910  120.450831491
    0.352902154   13.317584746   38.384201270
    0.356421692   13.278545885  -60.466755561
    0.359941231   12.932255285 -129.068778159
    0.363460769   12.447982337 -137.231315201
    0.366980308   12.033491023  -93.180389819
    0.370499846   11.814815485  -32.247469433
    0.374019385   11.785562375    8.024126198
    0.377538923   11.834939880   13.334926075
    0.381058462   11.848711057  -10.171478305
    0.384578000   11.761246684  -40.642913485
    0.388097538   11.578024605  -62.110130312
    0.391617077   11.339498109  -73.512295217
    0.395136615   11.065997624  -83.218125735
    0.398656154   10.747738191  -99.328851037
    0.402175692   10.365855116 -119.033229934
    0.405695231    9.920124553 -135.160350382
    0.409214769    9.430794299 -142.558807698
    0.412734308    8.925998722 -144.378674299
    0.416253846    8.422737668 -143.304249946
    0.419773385    7.929120093 -138.464036284
    0.423292923    7.458254556 -128.878022926
    0.426812462    7.025650951 -118.525106272
    0.430332000    6.630547386 -108.277743507
    0.433851538    6.270077918  -97.494309192
    0.437371077    5.948669193  -85.088701291
    0.440890615    5.673699792  -73.543464324
    0.444410154    5.429771936  -67.580226324
    0.447929692    5.191212243  -71.445153108
    0.451449231    4.928985110  -79.005994968
    0.454968769    4.647187129  -80.254283119
    0.458488308    4.382300208  -69.035598903
    0.462007846    4.174349836  -50.478883994
    0.465527385    4.032037209  -33.438238405
    0.469046923    3.935098783  -24.135970421
    0.472566462    3.858810438  -20.569124389
    0.476086000    3.791772977  -18.919037766
    0.479605538    3.728778680  -18.919775447
    0.483125077    3.658806077  -23.573683050
    0.486644615    3.565903763  -31.593425350
    0.490164154    3.448800851  -34.838271013
    0.493683692    3.338111459  -27.694856661
    0.497203231    3.268665497  -13.197604356
    0.500722769    3.245420374   -4.160855139
    0.504242308    3.227650005   -9.535821044
    0.507761846    3.169161486  -26.221896217
    0.511281385    3.055938241  -36.487835905
    0.514800923    2.939442691  -28.325324355
    0.518320462    2.880758558   -6.410000413
    0.521840000    2.896792300   12.059709421
    0.525359538    2.946741686   11.329378203
    0.528879077    2.965314040   -3.485829819
    0.532398615    2.934900900  -13.576192286
    0.535918154    2.902002415   -2.232805860
    0.539437692    2.949070498   29.434765644
    0.542957231    3.119952707   63.990592021
    0.546476769    3.379913450   77.484911064
    0.549996308    3.627460301   56.134633727
    0.553515846    3.748343172    8.860808402
    0.557035385    3.698680460  -36.206453832
    0.560554923    3.538868587  -49.635824660
    0.564074462    3.401833394  -23.574787172
    0.567594000    3.404181492   24.586324734
    0.571113538    3.574988328   67.783719734
    0.574633077    3.857021738   85.612696390
    0.578152615    4.152438018   76.572859772
    0.581672154    4.383861261   51.793699060
    0.585191692    4.519964277   23.358523043
    0.588711231    4.565027555    2.892748185
    0.592230769    4.558985819   -5.642659681
    0.595750308    4.549341802    2.057770509
    0.599269846    4.596311507   24.975065109
    0.602789385    4.747993356   61.338376708
    0.606308923    5.041547316  104.546777667
    0.609828462    5.486061266  144.834057831
    0.613348000    6.051051750  171.298231020
    0.616867538    6.669972020  174.442306532
    0.620387077    7.257785872  154.683183457
    0.623906615    7.754609192  125.702019138
    0.627426154    8.163368875  108.779532538
    0.630945692    8.562536559  123.145108058
    0.634465231    9.076688175  172.884836948
    0.637984769    9.814555808  246.581177084
    0.641504308   10.818891133  320.171147533
    0.645023846   12.045205677  370.248248824
    0.648543385   13.391833463  387.866126981
    0.652062923   14.760984145  386.849389506
    0.655582462   16.130967384  393.318915665
    0.659102000   17.571886386  429.162666359
    0.662621538   19.196257347  496.504204166
    0.666141077   21.081822142  571.839478975
    0.669660615   23.204015624  627.468182069
    0.673180154   25.464066758  649.317607992
    0.676699692   27.757115320  650.802376505
    0.680219231   30.056845969  657.434306753
    0.683738769   32.416650991  685.162082763
    0.687258308   34.901092259  724.997322161
    0.690777846   37.504987746  747.624962752
    0.694297385   40.117415913  727.200537276
    0.697816923   42.569056131  657.044826835
    0.701336462   44.705501654  550.330443459
    0.704856000   46.433663758  429.634183230
    0.708375538   47.738029105  312.354698315
    0.711895077   48.653749368  210.372887473
    0.715414615   49.248020244  129.589359206
    0.718934154   49.598018775   72.827323807
    0.722453692   49.786209342   36.389407822
    0.725973231   49.876395068   15.972371854
    0.729492769   49.914428116    6.123992363
    0.733012308   49.928066369    2.199052288
    0.736531846   49.932700071    0.690537796
    0.740051385   49.934543639   -0.000000000
    0.743570923   49.934543639   -0.000000000
    0.747090462   49.934543639   -0.000000000
    0.750610000   49.934543639   -0.000000000
