#! FIELDS dist file.free der_dist
#! SET min_dist 0.201562
#! SET max_dist 0.75061
#! SET nbins_dist  157
#! SET periodic_dist false
    0.201562000   15.256989214   -0.000000000
    0.205081538   15.256989214   -0.000000000
    0.208601077   15.256989214   -0.000000000
    0.212120615   15.256816088   -0.073092622
    0.215640154   15.256270106   -0.278294078
    0.219159692   15.253180224   -1.398677103
    0.222679231   15.243042047   -4.712648736
    0.226198769   15.213311238  -13.387847329
    0.229718308   15.134577319  -33.749027738
    0.233237846   14.950825035  -74.966165606
    0.236757385   14.569530412 -147.521623436
    0.240276923   13.868456670 -256.823125445
    0.243796462   12.726028820 -395.450775431
    0.247316000   11.080367017 -537.130543082
    0.250835538    8.987515387 -642.144135804
    0.254355077    6.648242311 -672.116706782
    0.257874615    4.365118149 -610.325419510
    0.261394154    2.441715661 -472.971903640
    0.264913692    1.074934921 -302.226710750
    0.268433231    0.297209216 -145.308627008
    0.271952769    0.000000000  -31.555985412
    0.275472308    0.024532302   40.201884703
    0.278991846    0.262553829   95.227630204
    0.282511385    0.709382038  162.211422963
    0.286030923    1.428662542  248.824812118
    0.289550462    2.459479254  333.687309895
    0.293070000    3.732975224  380.131168564
    0.296589538    5.062346383  364.236183305
    0.300109077    6.229337463  290.952562741
    0.303628615    7.088284857  196.716385726
    0.307148154    7.645292366  126.148886996
    0.310667692    8.045294193  110.266224619
    0.314187231    8.491087967  150.146645350
    0.317706769    9.134963910  215.839594287
    0.321226308    9.992680808  265.289777554
    0.324745846   10.948083119  267.075308616
    0.328265385   11.820323988  221.950371955
    0.331784923   12.482658410  152.496095267
    0.335304462   12.902802618   88.483994899
    0.338824000   13.127069960   41.438096728
    0.342343538   13.203165807    1.038478604
    0.345863077   13.123903058  -49.013200044
    0.349382615   12.844550285 -110.543073489
    0.352902154   12.356586740 -162.705520903
    0.356421692   11.750504240 -172.941652970
    0.359941231   11.213308104 -122.849703202
    0.363460769   10.941061107  -27.456042693
    0.366980308   11.021125801   68.866145907
    0.370499846   11.371166894  119.792298761
    0.374019385   11.787556178  106.739748122
    0.377538923   12.069458474   49.572402746
    0.381058462   12.135175108   -9.166222973
    0.384578000   12.045006286  -35.261921745
    0.388097538   11.930028128  -25.643001177
    0.391617077   11.876567755   -5.933850270
    0.395136615   11.862335176   -7.363462531
    0.398656154   11.785242449  -40.808035052
    0.402175692   11.558253529  -88.331758120
    0.405695231   11.186075556 -118.559880934
    0.409214769   10.770255945 -111.255873843
    0.412734308   10.438736597  -73.963827799
    0.416253846   10.252457694  -34.154426729
    0.419773385   10.166458184  -20.405497851
    0.423292923   10.064951939  -42.966612769
    0.426812462    9.834492212  -90.818838012
    0.430332000    9.426365287 -139.799226243
    0.433851538    8.874490894 -169.608578681
    0.437371077    8.263541275 -173.187074559
    0.440890615    7.680346925 -155.502464518
    0.444410154    7.180189265 -127.754813882
    0.447929692    6.782101333  -99.240171163
    0.451449231    6.480214151  -73.393921971
    0.454968769    6.265966097  -48.417384498
    0.458488308    6.139089740  -23.894251684
    0.462007846    6.092857017   -3.771031529
    0.465527385    6.095346113    1.113701933
    0.469046923    6.073033359  -18.052321145
    0.472566462    5.941021168  -59.502537558
    0.476086000    5.647081213 -106.488911356
    0.479605538    5.212089806 -136.679381885
    0.483125077    4.722490416 -136.287288280
    0.486644615    4.285989592 -109.050265193
    0.490164154    3.972675850  -68.730936094
    0.493683692    3.797809172  -32.949643453
    0.497203231    3.719192616  -15.556050153
    0.500722769    3.659421187  -23.257260715
    0.504242308    3.536208700  -48.423355383
    0.507761846    3.321208391  -71.766395277
    0.511281385    3.065848874  -67.140093703
    0.514800923    2.896260984  -23.180562487
    0.518320462    2.931139591   43.376892601
    0.521840000    3.188751347   97.235740590
    0.525359538    3.563487140  106.072940009
    0.528879077    3.877600483   64.984877090
    0.532398615    3.991982188   -2.291921462
    0.535918154    3.877563335  -57.825580288
    0.539437692    3.632088882  -75.324555227
    0.542957231    3.399529179  -52.039921437
    0.546476769    3.286538977  -11.928088074
    0.549996308    3.298844602   14.572742442
    0.553515846    3.356074033   13.068998597
    0.557035385    3.372786564   -5.447114664
    0.560554923    3.332567586  -14.754950623
    0.564074462    3.300332938    0.878376200
    0.567594000    3.362399664   35.254753118
    0.571113538    3.549393104   68.140588822
    0.574633077    3.816624698   79.069028098
    0.578152615    4.073141873   61.714878950
    0.581672154    4.232762976   26.871838988
    0.585191692    4.264548621   -8.646190146
    0.588711231    4.194160682  -27.888263959
    0.592230769    4.096215866  -24.303740219
    0.595750308    4.048361335   -0.323681232
    0.599269846    4.105529505   32.467090459
    0.602789385    4.276512802   62.806836203
    0.606308923    4.538587073   84.274309519
    0.609828462    4.862214515   98.258552547
    0.613348000    5.233000030  113.137285008
    0.616867538    5.671830900  137.733397042
    0.620387077    6.226736372  180.438137832
    0.623906615    6.965142806  241.334497311
    0.627426154    7.936596105  309.590160814
    0.630945692    9.131369183  365.102280632
    0.634465231   10.465064944  385.475911592
    0.637984769   11.792509930  360.489516861
    0.641504308   12.960895744  298.296119040
    0.645023846   13.871649644  217.963570769
    0.648543385   14.500296899  140.561035468
    0.652062923   14.884109780   80.181777113
    0.655582462   15.091736927   40.481204283
    0.659102000   15.191427260   18.051176807
    0.662621538   15.233470325    7.227337998
    0.666141077   15.250242156    2.247409943
    0.669660615   15.255236060    0.631400594
    0.673180154   15.256989214   -0.000000000
    0.676699692   15.256989214   -0.000000000
    0.680219231   15.256989214   -0.000000000
    0.683738769   15.256989214   -0.000000000
    0.687258308   15.256989214   -0.000000000
    0.690777846   15.256989214   -0.000000000
    0.694297385   15.256989214   -0.000000000
    0.697816923   15.256989214   -0.000000000
    0.701336462   15.256989214   -0.000000000
    0.704856000   15.256989214   -0.000000000
    0.708375538   15.256989214   -0.000000000
    0.711895077   15.256989214   -0.000000000
    0.715414615   15.256989214   -0.000000000
    0.718934154   15.256989214   -0.000000000
    0.722453692   15.256989214   -0.000000000
    0.725973231   15.256989214   -0.000000000
    0.729492769   15.256989214   -0.000000000
    0.733012308   15.256989214   -0.000000000
    0.736531846   15.256989214   -0.000000000
    0.740051385   15.256989214   -0.000000000
    0.743570923   15.256989214   -0.000000000
    0.747090462   15.256989214   -0.000000000
    0.750610000   15.256989214   -0.000000000
