#! FIELDS dist file.free der_dist
#! SET min_dist 0.201562
#! SET max_dist 0.75061
#! SET nbins_dist  157
#! SET periodic_dist false
    0.201562000   57.079743475   -0.852358198
    0.205081538   57.071301788   -3.877043080
    0.208601077   57.043663557  -12.830732973
    0.212120615   56.961977851  -36.590679470
    0.215640154   56.747049637  -92.020913676
    0.219159692   56.244452972 -205.034379679
    0.222679231   55.198816363 -405.572865745
    0.226198769   53.259842283 -713.926965595
    0.229718308   50.055710411 -1119.073176791
    0.233237846   45.332488524 -1563.652618373
    0.236757385   39.114862740 -1949.905037542
    0.240276923   31.799369117 -2171.815955841
    0.243796462   24.101045560 -2161.146723982
    0.247316000   16.859984054 -1918.473373373
    0.250835538   10.786059017 -1513.669049001
    0.254355077    6.266842454 -1053.971080606
    0.257874615    3.307990492 -641.623396076
    0.261394154    1.616605733 -339.833959013
    0.264913692    0.768379464 -160.748216441
    0.268433231    0.370387445  -77.405677889
    0.271952769    0.160694979  -46.180283325
    0.275472308    0.031652881  -25.633924949
    0.278991846    0.000000000   12.290520608
    0.282511385    0.152917623   78.233130119
    0.286030923    0.577088517  162.331616783
    0.289550462    1.292384907  238.740097426
    0.293070000    2.223179492  280.671036082
    0.296589538    3.224737443  279.471470802
    0.300109077    4.159734173  246.212276640
    0.303628615    4.953942665  204.211749112
    0.307148154    5.617235683  173.434905868
    0.310667692    6.212015928  166.900113450
    0.314187231    6.827926981  184.709297449
    0.317706769    7.532723051  213.312159790
    0.321226308    8.325721461  231.959514804
    0.324745846    9.136659397  220.347013472
    0.328265385    9.852678500  181.451933941
    0.331784923   10.411835876  135.654499005
    0.335304462   10.839376696  111.161184127
    0.338824000   11.238754965  118.543397005
    0.342343538   11.702187653  142.650763871
    0.345863077   12.232828259  152.241593097
    0.349382615   12.733343585  123.238953122
    0.352902154   13.065156144   59.674128303
    0.356421692   13.152655555   -9.261788197
    0.359941231   13.038421518  -50.299040874
    0.363460769   12.856750129  -47.925604578
    0.366980308   12.742487918  -15.700319695
    0.370499846   12.751075095   17.479726930
    0.374019385   12.842667266   27.229906347
    0.377538923   12.916941377    9.745765967
    0.381058462   12.893296282  -26.623650757
    0.384578000   12.734353132  -64.729257579
    0.388097538   12.453849376  -93.767794244
    0.391617077   12.089500715 -113.445563307
    0.395136615   11.665738849 -127.940781010
    0.398656154   11.195260562 -139.672231643
    0.402175692   10.695882419 -144.046616758
    0.405695231   10.200669680 -137.875965324
    0.409214769    9.741544515 -123.511069759
    0.412734308    9.332654556 -110.574659842
    0.416253846    8.961439024 -103.732483617
    0.419773385    8.607191601  -99.961180688
    0.423292923    8.264371610  -95.269482324
    0.426812462    7.937755492  -92.613401144
    0.430332000    7.615841992  -93.378026597
    0.433851538    7.283840865  -96.641282787
    0.437371077    6.940433668  -98.386010443
    0.440890615    6.600989908  -95.884033812
    0.444410154    6.275222899  -90.553658654
    0.447929692    5.967387921  -87.081363891
    0.451449231    5.669272116  -83.947544708
    0.454968769    5.386539271  -76.807185057
    0.458488308    5.140082759  -63.393645931
    0.462007846    4.946515128  -49.050863895
    0.465527385    4.796275131  -39.855986946
    0.469046923    4.663485943  -37.948824764
    0.472566462    4.531400978  -37.732097302
    0.476086000    4.406143631  -34.247534693
    0.479605538    4.298761245  -28.581399666
    0.483125077    4.205770852  -27.650383414
    0.486644615    4.103273976  -34.171265051
    0.490164154    3.971006270  -42.111750377
    0.493683692    3.819551817  -44.263373138
    0.497203231    3.675763689  -38.449581807
    0.500722769    3.557423134  -31.694016770
    0.504242308    3.452903946  -29.936525222
    0.507761846    3.346994309  -32.144361470
    0.511281385    3.241462300  -26.695930867
    0.514800923    3.180838625   -7.747911735
    0.518320462    3.203035783   17.537971502
    0.521840000    3.300465281   33.376025812
    0.525359538    3.416229748   26.786351134
    0.528879077    3.476474467    4.200809617
    0.532398615    3.456046348  -16.325848594
    0.535918154    3.391479308  -18.015020188
    0.539437692    3.359887507    0.735866388
    0.542957231    3.414639209   27.911252478
    0.546476769    3.550484540   44.874175667
    0.549996308    3.708210727   39.386141103
    0.553515846    3.812116931   16.464692766
    0.557035385    3.834093757   -4.061995749
    0.560554923    3.818691957   -1.989219372
    0.564074462    3.855547415   24.753340898
    0.567594000    4.007699004   58.960757207
    0.571113538    4.261020927   79.272278615
    0.574633077    4.541277363   73.513091140
    0.578152615    4.762009952   47.619533672
    0.581672154    4.877129421   16.170699148
    0.585191692    4.890190428   -9.916294383
    0.588711231    4.830293343  -23.310957086
    0.592230769    4.745758579  -24.586958501
    0.595750308    4.679597740  -11.820130984
    0.599269846    4.684212956   14.290291586
    0.602789385    4.803309058   53.399301543
    0.606308923    5.075270417  100.162036792
    0.609828462    5.512419648  145.058960918
    0.613348000    6.087069758  176.291461911
    0.616867538    6.731696964  183.777402336
    0.620387077    7.359033443  167.424157526
    0.623906615    7.905847509  140.954475046
    0.627426154    8.371370561  125.384689655
    0.630945692    8.829288375  139.166277901
    0.634465231    9.396068724  186.335320561
    0.637984769   10.175738667  256.796990061
    0.641504308   11.213611247  329.408004673
    0.645023846   12.477430439  382.878339947
    0.648543385   13.879872400  406.903480767
    0.652062923   15.325986518  410.566235410
    0.655582462   16.778386005  414.627000667
    0.659102000   18.276628753  438.730764406
    0.662621538   19.902280418  486.602845419
    0.666141077   21.713709541  539.045048481
    0.669660615   23.681259421  572.432131861
    0.673180154   25.714440146  576.264268476
    0.676699692   27.730505419  567.867340115
    0.680219231   29.739365508  577.382701786
    0.683738769   31.846082937  623.824295702
    0.687258308   34.172811467  699.108953681
    0.690777846   36.770110439  771.600529859
    0.694297385   39.570604173  810.890803823
    0.697816923   42.427924376  803.383553282
    0.701336462   45.181901504  752.812829943
    0.704856000   47.699809075  672.382271007
    0.708375538   49.899640932  574.409890685
    0.711895077   51.742408044  471.956142132
    0.715414615   53.233599881  375.303583826
    0.718934154   54.404512345  291.684172657
    0.722453692   55.303719623  220.031185290
    0.725973231   55.969950508  158.756642763
    0.729492769   56.437211709  106.994912274
    0.733012308   56.739197175   66.215074900
    0.736531846   56.917579964   36.576695911
    0.740051385   57.011461872   17.843670794
    0.743570923   57.055510787    7.484323751
    0.747090462   57.072771384    2.919567182
    0.750610000   57.079130924    0.993909830
