#! FIELDS dist file.free der_dist
#! SET min_dist 0.201562
#! SET max_dist 0.75061
#! SET nbins_dist  157
#! SET periodic_dist false
    0.201562000   55.508323824   -0.836307575
    0.205081538   55.500235064   -3.724750644
    0.208601077   55.473712060  -12.294051810
    0.212120615   55.395498865  -34.988060508
    0.215640154   55.190173555  -87.825505569
    0.219159692   54.710832047 -195.435114072
    0.222679231   53.714432765 -386.427639329
    0.226198769   51.866411895 -680.735241364
    0.229718308   48.808101226 -1069.345676364
    0.233237846   44.286351251 -1499.852160196
    0.236757385   38.306007273 -1880.814251550
    0.240276923   31.224331542 -2110.262324483
    0.243796462   23.712169857 -2118.306159630
    0.247316000   16.582195725 -1898.004727675
    0.250835538   10.548111875 -1509.925658529
    0.254355077    6.028829621 -1055.804121366
    0.257874615    3.069069030 -639.087298393
    0.261394154    1.400994280 -329.101096012
    0.264913692    0.601896606 -144.388799635
    0.268433231    0.263431425  -60.866550519
    0.271952769    0.105705178  -33.659301280
    0.275472308    0.011772548  -18.112869361
    0.278991846    0.000000000   16.433389057
    0.282511385    0.164927257   81.382001156
    0.286030923    0.600776452  166.117265186
    0.289550462    1.331291276  243.697873722
    0.293070000    2.281239080  286.505463256
    0.296589538    3.303695398  285.321978863
    0.300109077    4.257102070  250.579609056
    0.303628615    5.061118851  205.091299403
    0.307148154    5.718558042  169.066111014
    0.310667692    6.287403942  156.626986473
    0.314187231    6.858096107  169.684012903
    0.317706769    7.505467599  196.293237336
    0.321226308    8.239963547  216.339194931
    0.324745846    9.002533936  208.900924167
    0.328265385    9.687825329  175.613496239
    0.331784923   10.236316314  135.378866564
    0.335304462   10.671015228  115.334633692
    0.338824000   11.090193585  125.313719028
    0.342343538   11.578616391  149.713113412
    0.345863077   12.130432877  156.764678983
    0.349382615   12.637845282  122.242291164
    0.352902154   12.953116088   51.188233847
    0.356421692   12.998014623  -24.539605505
    0.359941231   12.823718538  -68.111769752
    0.363460769   12.584435077  -61.682069800
    0.366980308   12.437894104  -19.525699203
    0.370499846   12.453868717   25.359493840
    0.374019385   12.589203362   43.277357693
    0.377538923   12.724197375   27.030564239
    0.381058462   12.753769922  -14.368759642
    0.384578000   12.625281426  -59.481972371
    0.388097538   12.355315028  -92.009885461
    0.391617077   12.001065930 -108.159852462
    0.395136615   11.611937173 -112.684616362
    0.398656154   11.216198534 -112.618230157
    0.402175692   10.827067131 -109.623299002
    0.405695231   10.452880481 -105.205987422
    0.409214769   10.091209834 -102.172602565
    0.412734308    9.728313281 -106.257337900
    0.416253846    9.341618935 -116.299509870
    0.419773385    8.919844965 -124.631554943
    0.423292923    8.478586814 -125.371371256
    0.426812462    8.045563432 -121.997805689
    0.430332000    7.628208675 -117.591323397
    0.433851538    7.224425737 -112.872563056
    0.437371077    6.839896288 -105.426291787
    0.440890615    6.491226132  -94.353263443
    0.444410154    6.182534418  -82.785565034
    0.447929692    5.907789651  -76.592862552
    0.451449231    5.646424091  -73.845889201
    0.454968769    5.395948086  -68.532662259
    0.458488308    5.176318295  -56.013647734
    0.462007846    5.010720629  -40.011147700
    0.465527385    4.898798135  -26.822060817
    0.469046923    4.819738809  -20.613154996
    0.472566462    4.753036627  -18.414960843
    0.476086000    4.693696123  -16.649580638
    0.479605538    4.640817267  -15.464469270
    0.483125077    4.585436425  -19.140421191
    0.486644615    4.507554747  -28.198312379
    0.490164154    4.395413781  -36.338608468
    0.493683692    4.264839995  -38.266023879
    0.497203231    4.139400436  -34.507314752
    0.500722769    4.025889085  -33.426021112
    0.504242308    3.901399883  -39.649494777
    0.507761846    3.748151018  -48.815801354
    0.511281385    3.577647253  -46.001651416
    0.514800923    3.452284851  -24.364004943
    0.518320462    3.426078262    7.042517866
    0.521840000    3.498018432   29.265045498
    0.525359538    3.607628794   27.025446178
    0.528879077    3.672482113    6.250171800
    0.532398615    3.659147650  -14.594949034
    0.535918154    3.597069667  -18.606015716
    0.539437692    3.556000614   -4.356786685
    0.542957231    3.582126142   16.671948718
    0.546476769    3.667217718   27.553159730
    0.549996308    3.756265031   18.322348519
    0.553515846    3.784524058   -4.774675009
    0.557035385    3.736259116  -22.275432115
    0.560554923    3.664815482  -15.447942048
    0.564074462    3.663279159   16.465823279
    0.567594000    3.794990579   55.660036496
    0.571113538    4.045187400   80.859462428
    0.574633077    4.339340405   79.780540806
    0.578152615    4.589269275   57.807604666
    0.581672154    4.744942982   28.843182835
    0.585191692    4.804433024    3.639683465
    0.588711231    4.792033997   -9.954964326
    0.592230769    4.753491456  -11.802821453
    0.595750308    4.731018505    0.212131900
    0.599269846    4.775723420   24.918227800
    0.602789385    4.928097653   61.484672895
    0.606308923    5.222128330  104.504035010
    0.609828462    5.666760232  144.983104792
    0.613348000    6.233789910  172.245206153
    0.616867538    6.859422504  177.463478416
    0.620387077    7.464287052  161.503043027
    0.623906615    7.994864290  138.044078485
    0.627426154    8.457423365  126.656170444
    0.630945692    8.925482252  143.283592361
    0.634465231    9.507120074  190.030337939
    0.637984769   10.293918346  256.822458467
    0.641504308   11.323620336  324.964507186
    0.645023846   12.567530618  376.803970197
    0.648543385   13.953406340  404.640085910
    0.652062923   15.406181214  417.387728209
    0.655582462   16.902369432  432.765910244
    0.659102000   18.481287020  465.591350776
    0.662621538   20.207448845  515.598227543
    0.666141077   22.113422120  562.770754202
    0.669660615   24.148311978  586.803009465
    0.673180154   26.217032083  582.863622036
    0.676699692   28.251317432  572.964182567
    0.680219231   30.285844097  587.910403164
    0.683738769   32.444554976  642.946113049
    0.687258308   34.849311882  723.178018919
    0.690777846   37.525122534  789.926515553
    0.694297385   40.358356927  808.721104666
    0.697816923   43.151793659  767.642962948
    0.701336462   45.712322283  678.904962713
    0.704856000   47.912121496  567.861243453
    0.708375538   49.714801401  456.733449979
    0.711895077   51.149901042  361.161878872
    0.715414615   52.285947532  286.153429802
    0.718934154   53.190422198  229.576971618
    0.722453692   53.915539747  182.401469383
    0.725973231   54.482401790  138.846721804
    0.729492769   54.900038844   97.742510344
    0.733012308   55.180246959   62.422915839
    0.736531846   55.349982315   35.288160890
    0.740051385   55.441036638   17.468105981
    0.743570923   55.484052814    7.484323751
    0.747090462   55.501313411    2.919567182
    0.750610000   55.507672951    0.993909830
