#! FIELDS dist file.free der_dist
#! SET min_dist 0.201562
#! SET max_dist 0.75061
#! SET nbins_dist  157
#! SET periodic_dist false
    0.201562000   43.728304848   -0.067739624
    0.205081538   43.726350784   -0.830062899
    0.208601077   43.719261063   -3.345187767
    0.212120615   43.695543709  -10.973688403
    0.215640154   43.625705059  -31.103663253
    0.219159692   43.444187114  -77.321741031
    0.222679231   43.025565154 -169.887563141
    0.226198769   42.164707186 -332.108803125
    0.229718308   40.586092130 -578.786320911
    0.233237846   37.998627182 -901.300638341
    0.236757385   34.200466022 -1256.475285468
    0.240276923   29.202569061 -1568.904349836
    0.243796462   23.306908485 -1753.003781219
    0.247316000   17.088404504 -1745.608897326
    0.250835538   11.256404413 -1536.692300724
    0.254355077    6.447549968 -1177.580189721
    0.257874615    3.031639052 -762.605987230
    0.261394154    1.026906085 -390.068921552
    0.264913692    0.156490158 -124.912914973
    0.268433231    0.000000000   16.917195497
    0.271952769    0.158783246   61.101116067
    0.275472308    0.371092005   56.046877595
    0.278991846    0.552912097   51.562953374
    0.282511385    0.773541529   80.783264759
    0.286030923    1.166844717  146.567412770
    0.289550462    1.820619373  222.448051118
    0.293070000    2.705258138  271.458373437
    0.296589538    3.682854234  274.207081500
    0.300109077    4.596105115  238.747411257
    0.303628615    5.357396571  193.841042393
    0.307148154    5.989443454  168.327315756
    0.310667692    6.591661405  178.348699743
    0.314187231    7.286169596  218.495597851
    0.317706769    8.140686862  262.953708245
    0.321226308    9.111540429  280.650034174
    0.324745846   10.063785221  250.055500523
    0.328265385   10.835825568  183.762015147
    0.331784923   11.361377033  116.688810624
    0.335304462   11.705505963   85.923681461
    0.338824000   12.024140932   99.726063488
    0.342343538   12.437056332  132.814807753
    0.345863077   12.938402237  144.126918362
    0.349382615   13.397585519  106.953504041
    0.352902154   13.647770931   29.682844725
    0.356421692   13.608159214  -49.783145543
    0.359941231   13.348330781  -89.499071888
    0.363460769   13.055314586  -68.661411682
    0.366980308   12.922381795   -3.284504695
    0.370499846   13.038752745   66.054355376
    0.374019385   13.346990904   98.923001525
    0.377538923   13.680393299   81.634525625
    0.381058462   13.879284446   26.027419771
    0.384578000   13.859643451  -37.269013130
    0.388097538   13.640998634  -83.449485503
    0.391617077   13.302480752 -106.449635158
    0.395136615   12.912960697 -113.870401333
    0.398656154   12.508545744 -115.897496169
    0.402175692   12.103999587 -114.383026521
    0.405695231   11.712234280 -109.654703092
    0.409214769   11.337474499 -104.914451971
    0.412734308   10.966026983 -108.443858561
    0.416253846   10.566422810 -121.576560249
    0.419773385   10.114472037 -136.029908172
    0.423292923    9.620613907 -143.238978602
    0.426812462    9.116918927 -143.035399830
    0.430332000    8.625270348 -137.725508593
    0.433851538    8.156533423 -128.787452556
    0.437371077    7.724501161 -116.054614206
    0.440890615    7.345786693 -100.511224909
    0.444410154    7.020139952  -86.049851408
    0.447929692    6.736944087  -77.901596830
    0.451449231    6.474583846  -72.455401216
    0.454968769    6.235814853  -62.406570585
    0.458488308    6.048696144  -43.037348491
    0.462007846    5.941606239  -19.352786332
    0.465527385    5.912531842   -0.778107192
    0.469046923    5.924831694    4.329740696
    0.472566462    5.927719459   -5.291793902
    0.476086000    5.876319960  -26.410404104
    0.479605538    5.739586227  -52.868737054
    0.483125077    5.511262906  -77.432445351
    0.486644615    5.214994609  -90.223829719
    0.490164154    4.905597010  -83.181500521
    0.493683692    4.652387540  -60.114664461
    0.497203231    4.489225787  -35.576944054
    0.500722769    4.388118294  -27.432983154
    0.504242308    4.275419828  -40.146815116
    0.507761846    4.099748360  -60.501599041
    0.511281385    3.875667303  -62.758259606
    0.514800923    3.699442257  -33.948160105
    0.518320462    3.668293349   15.883540242
    0.521840000    3.811025144   61.255569976
    0.525359538    4.070379153   79.535472621
    0.528879077    4.344666832   71.673292276
    0.532398615    4.571434582   55.454487109
    0.535918154    4.754475645   50.196180904
    0.539437692    4.946671767   59.139513101
    0.542957231    5.178897280   69.598809522
    0.546476769    5.419514940   62.042676681
    0.549996308    5.584256559   25.999751320
    0.553515846    5.585972802  -26.869196848
    0.557035385    5.414658784  -67.868685604
    0.560554923    5.161413520  -70.104611883
    0.564074462    4.974600064  -31.606938592
    0.567594000    4.963273486   23.736844055
    0.571113538    5.130413930   65.406410000
    0.574633077    5.390604187   75.253837860
    0.578152615    5.634586562   58.786080221
    0.581672154    5.800401600   34.378661510
    0.585191692    5.891231803   16.941883204
    0.588711231    5.943362079   14.030851240
    0.592230769    6.005251386   21.052530896
    0.595750308    6.101710537   33.683690845
    0.599269846    6.247207640   47.204305929
    0.602789385    6.441945833   62.354540913
    0.606308923    6.694341575   80.515839760
    0.609828462    7.016440324  101.389171648
    0.613348000    7.412089919  121.160949793
    0.616867538    7.863801126  132.024985132
    0.620387077    8.330910591  129.920094959
    0.623906615    8.776168669  121.251700204
    0.627426154    9.201470467  122.225496029
    0.630945692    9.673004920  150.422114174
    0.634465231   10.301609366  210.277157018
    0.637984769   11.181395889  289.083186054
    0.641504308   12.332820843  359.946652226
    0.645023846   13.679040631  397.287307158
    0.648543385   15.085813648  394.390108428
    0.652062923   16.437320608  370.885945421
    0.655582462   17.716186781  358.766244286
    0.659102000   19.012727217  382.925080676
    0.662621538   20.463873094  445.677054104
    0.666141077   22.173126015  524.239677624
    0.669660615   24.144110776  590.486367406
    0.673180154   26.297452036  625.638292404
    0.676699692   28.519050331  631.584848519
    0.680219231   30.728701207  621.571058247
    0.683738769   32.896089211  608.332577910
    0.687258308   35.013663574  592.820966321
    0.690777846   37.054157807  561.483574960
    0.694297385   38.935266840  501.044817043
    0.697816923   40.546821593  409.231516990
    0.701336462   41.800121481  299.912833519
    0.704856000   42.669630780  195.669915292
    0.708375538   43.205759906  112.669132199
    0.711895077   43.497600055   57.106314461
    0.715414615   43.638652747   25.011952410
    0.718934154   43.696868818    9.859213681
    0.722453692   43.718546539    3.435637697
    0.725973231   43.726362488    0.784073590
    0.729492769   43.728467214   -0.000000000
    0.733012308   43.728467214   -0.000000000
    0.736531846   43.728467214   -0.000000000
    0.740051385   43.728467214   -0.000000000
    0.743570923   43.728467214   -0.000000000
    0.747090462   43.728467214   -0.000000000
    0.750610000   43.728467214   -0.000000000
