#! FIELDS dist file.free der_dist
#! SET min_dist 0.201562
#! SET max_dist 0.75061
#! SET nbins_dist  157
#! SET periodic_dist false
    0.201562000   59.141344219   -1.155000236
    0.205081538   59.130647645   -4.917909980
    0.208601077   59.096363722  -15.818141918
    0.212120615   58.997172825  -44.112438080
    0.215640154   58.741239683 -108.777805062
    0.219159692   58.153281703 -238.122192921
    0.222679231   56.950080620 -463.376321372
    0.226198769   54.753849298 -802.971785668
    0.229718308   51.180048796 -1239.251979140
    0.233237846   45.993087250 -1704.201739369
    0.236757385   39.275160918 -2089.396396065
    0.240276923   31.509053767 -2284.143826451
    0.243796462   23.495087209 -2225.728894354
    0.247316000   16.122297457 -1929.161067092
    0.250835538   10.092233832 -1480.964307499
    0.254355077    5.733939853 -999.106956039
    0.257874615    2.974324102 -586.439459548
    0.261394154    1.455240337 -298.609127204
    0.264913692    0.720030683 -137.662189818
    0.268433231    0.375555498  -69.116836130
    0.271952769    0.178158283  -46.386146188
    0.275472308    0.042007141  -28.677515367
    0.278991846    0.000000000    9.804085881
    0.282511385    0.147384113   77.470853708
    0.286030923    0.572097182  163.052431036
    0.289550462    1.291401592  239.911743887
    0.293070000    2.225043031  280.731382130
    0.296589538    3.222269656  276.594953845
    0.300109077    4.139573533  238.762580510
    0.303628615    4.898415985  191.534476373
    0.307148154    5.509575145  156.858079861
    0.310667692    6.044548754  150.263403671
    0.314187231    6.610234475  173.745063441
    0.317706769    7.294756754  213.372121258
    0.321226308    8.110907516  244.881437297
    0.324745846    8.985735037  242.612316257
    0.328265385    9.785762510  205.455009143
    0.331784923   10.421022014  153.845030557
    0.335304462   10.896880369  120.243954259
    0.338824000   11.314838849  120.677013848
    0.342343538   11.781106856  143.013038970
    0.345863077   12.316795116  155.150743623
    0.349382615   12.834319166  129.766849293
    0.352902154   13.192611047   67.574818435
    0.356421692   13.305181716   -3.565914640
    0.359941231   13.202824200  -49.720828267
    0.363460769   13.012408046  -53.724668232
    0.366980308   12.866384104  -27.991475878
    0.370499846   12.820378292   -1.290972170
    0.374019385   12.834428964    1.995056142
    0.377538923   12.810037439  -20.788112974
    0.381058462   12.674629631  -58.837189899
    0.384578000   12.407974724  -92.725894482
    0.388097538   12.045661381 -111.469459455
    0.391617077   11.642693990 -117.570840698
    0.395136615   11.227318112 -119.657516648
    0.398656154   10.800857814 -123.993702114
    0.402175692   10.360427627 -127.305150481
    0.405695231    9.918538503 -124.912983954
    0.409214769    9.494980456 -116.423596357
    0.412734308    9.101463370 -108.809987249
    0.416253846    8.729870735 -105.376009951
    0.419773385    8.366515154 -103.319810392
    0.423292923    8.010518845  -99.376385369
    0.426812462    7.668754222  -97.223520142
    0.430332000    7.330000556  -98.374662321
    0.433851538    6.980373028 -101.703560312
    0.437371077    6.620245266 -102.762947859
    0.440890615    6.267589790  -99.089363411
    0.444410154    5.932242255  -93.081014422
    0.447929692    5.613850181  -91.125053808
    0.451449231    5.294181561  -92.734609484
    0.454968769    4.968449425  -92.724616091
    0.458488308    4.654291435  -85.507716255
    0.462007846    4.378768711  -72.489594669
    0.465527385    4.154354284  -57.417765865
    0.469046923    3.979649801  -43.550937334
    0.472566462    3.852769065  -29.388845541
    0.476086000    3.777883580  -14.858733455
    0.479605538    3.749533539   -4.245505365
    0.483125077    3.741800030   -4.486248286
    0.486644615    3.713453051  -15.541812461
    0.490164154    3.638873486  -27.716776970
    0.493683692    3.534596700  -31.428995332
    0.497203231    3.437137520  -24.776040841
    0.500722769    3.368814778  -17.288147695
    0.504242308    3.312438664  -17.722832272
    0.507761846    3.239852109  -26.171132102
    0.511281385    3.140410783  -29.522810600
    0.514800923    3.055066140  -18.636902796
    0.518320462    3.030383877    2.531715640
    0.521840000    3.075885408   19.662379526
    0.525359538    3.152470078   18.652707314
    0.528879077    3.196566308    3.030733124
    0.532398615    3.182444248  -12.040362249
    0.535918154    3.138696684  -10.998124135
    0.539437692    3.133902658    8.733876754
    0.542957231    3.218619295   37.045660076
    0.546476769    3.390674685   56.454824860
    0.549996308    3.594344797   53.661359172
    0.553515846    3.750159564   30.976687359
    0.557035385    3.816424286    5.554157310
    0.560554923    3.818503503   -2.438453269
    0.564074462    3.832850942   12.443596585
    0.567594000    3.925615104   38.500499267
    0.571113538    4.104670481   59.051527834
    0.574633077    4.328571833   63.113494599
    0.578152615    4.540289989   53.467191738
    0.581672154    4.706715696   39.001393261
    0.585191692    4.823242344   24.726098875
    0.588711231    4.893305582   14.170677684
    0.592230769    4.931371478    5.982883790
    0.595750308    4.948564377    3.766536852
    0.599269846    4.973732645    9.729282669
    0.602789385    5.038222739   26.879268900
    0.606308923    5.180423842   53.580246806
    0.609828462    5.426887078   84.670079381
    0.613348000    5.779953603  112.745306384
    0.616867538    6.215180912  130.507059340
    0.620387077    6.691641972  136.524293480
    0.623906615    7.179224502  138.368726418
    0.627426154    7.682345256  147.950373657
    0.630945692    8.247993656  175.378597187
    0.634465231    8.944587205  221.531304688
    0.637984769    9.829175580  279.986830573
    0.641504308   10.922613133  338.100326049
    0.645023846   12.199246974  382.914895658
    0.648543385   13.600200662  407.490931171
    0.652062923   15.059583199  417.988917225
    0.655582462   16.550507713  428.300309807
    0.659102000   18.098151973  451.410050910
    0.662621538   19.752460660  488.452082135
    0.666141077   21.539500982  522.301768429
    0.669660615   23.411883655  535.252456270
    0.673180154   25.285835723  524.441610159
    0.676699692   27.111807579  514.217314006
    0.680219231   28.953209824  538.734372363
    0.683738769   30.974652880  616.219811725
    0.687258308   33.345537874  732.613275895
    0.690777846   36.135733575  846.904852174
    0.694297385   39.263358246  919.188566122
    0.697816923   42.538632402  929.715146705
    0.701336462   45.744254219  880.371188504
    0.704856000   48.691591981  786.756127738
    0.708375538   51.256481696  666.361368948
    0.711895077   53.378141800  538.354092685
    0.715414615   55.060820966  418.251222246
    0.718934154   56.349418786  316.504915880
    0.722453692   57.313231152  232.790272035
    0.725973231   58.011051516  164.553382352
    0.729492769   58.492022071  109.299552975
    0.733012308   58.799377572   66.956551496
    0.736531846   58.979346667   36.818323659
    0.740051385   59.073890595   17.843670794
    0.743570923   59.117939510    7.484323751
    0.747090462   59.135200107    2.919567182
    0.750610000   59.141559647    0.993909830
