#! FIELDS dist file.free der_dist
#! SET min_dist 0.201562
#! SET max_dist 0.75061
#! SET nbins_dist  157
#! SET periodic_dist false
    0.201562000   55.462378172   -0.689126276
    0.205081538   55.455257707   -3.271483863
    0.208601077   55.431489983  -11.074747601
    0.212120615   55.360124227  -32.131325693
    0.215640154   55.169610558  -82.020266488
    0.219159692   54.718014356 -185.267277312
    0.222679231   53.766267754 -371.233794094
    0.226198769   51.979166132 -661.713772825
    0.229718308   48.989535395 -1050.130048278
    0.233237846   44.528128014 -1485.683525103
    0.236757385   38.581664751 -1876.304400420
    0.240276923   31.495984528 -2116.972579647
    0.243796462   23.943445822 -2133.853736260
    0.247316000   16.750416509 -1917.359991242
    0.250835538   10.649287400 -1527.928245706
    0.254355077    6.074173613 -1069.195611912
    0.257874615    3.076911957 -647.046300274
    0.261394154    1.389214124 -332.531733234
    0.264913692    0.583745749 -144.845737002
    0.268433231    0.246750090  -59.779077392
    0.271952769    0.094058788  -32.008284468
    0.275472308    0.006107104  -16.418848722
    0.278991846    0.000000000   18.026548959
    0.282511385    0.170268196   82.841582834
    0.286030923    0.611171232  167.538536117
    0.289550462    1.346634642  245.073475714
    0.293070000    2.301087364  287.640181689
    0.296589538    3.326615298  285.861143306
    0.300109077    4.280346428  250.186297698
    0.303628615    5.081242605  203.745268038
    0.307148154    5.732890510  167.241295114
    0.310667692    6.295714441  155.188914606
    0.314187231    6.863341440  169.502862160
    0.317706769    7.513008077  197.796990081
    0.321226308    8.255533047  219.310255712
    0.324745846    9.030088828  212.582227254
    0.328265385    9.728227634  179.089356478
    0.331784923   10.287539309  137.973897467
    0.335304462   10.729437365  116.843492665
    0.338824000   11.152451964  126.087406708
    0.342343538   11.643486430  150.594235870
    0.345863077   12.200194684  158.858389849
    0.349382615   12.718604599  126.522607624
    0.352902154   13.053404045   57.979870844
    0.356421692   13.125774796  -15.923707890
    0.359941231   12.982771063  -59.257332987
    0.363460769   12.772313167  -54.452684381
    0.366980308   12.646191563  -15.309897222
    0.370499846   12.670813401   26.049279201
    0.374019385   12.802811913   40.809957466
    0.377538923   12.924935452   22.391435306
    0.381058462   12.936367514  -19.770718000
    0.384578000   12.790027891  -63.895726568
    0.388097538   12.508899095  -93.665763600
    0.391617077   12.155595074 -105.858954416
    0.395136615   11.781567423 -106.570517369
    0.398656154   11.411605243 -104.517611006
    0.402175692   11.050119826 -102.560069776
    0.405695231   10.694334285 -102.222617794
    0.409214769   10.333100791 -105.035331261
    0.412734308    9.949945346 -114.635598624
    0.416253846    9.527025435 -128.022533300
    0.419773385    9.062738959 -136.519884776
    0.423292923    8.583792172 -134.451876169
    0.426812462    8.126528786 -126.527412671
    0.430332000    7.701672147 -117.443574531
    0.433851538    7.304768967 -109.441253609
    0.437371077    6.934837280 -100.947017011
    0.440890615    6.600480266  -91.000875231
    0.444410154    6.299598851  -81.793687362
    0.447929692    6.023983456  -77.942514353
    0.451449231    5.754980703  -76.628475162
    0.454968769    5.493935156  -71.564960149
    0.458488308    5.264436664  -58.487286503
    0.462007846    5.091558102  -41.674847873
    0.465527385    4.975090297  -27.774144346
    0.469046923    4.893675548  -21.021566023
    0.472566462    4.826379678  -18.350147769
    0.476086000    4.768095536  -16.096182884
    0.479605538    4.718042644  -14.409952780
    0.483125077    4.667238560  -17.586251926
    0.486644615    4.595604826  -26.191454331
    0.490164154    4.491172780  -33.984281376
    0.493683692    4.369273660  -35.742754614
    0.497203231    4.252505813  -32.173940021
    0.500722769    4.146142719  -31.778262224
    0.504242308    4.025661987  -39.029524849
    0.507761846    3.872857624  -49.104277738
    0.511281385    3.700838683  -46.400281595
    0.514800923    3.575605906  -23.693375936
    0.518320462    3.555128565    9.738883267
    0.521840000    3.640437709   34.095763137
    0.525359538    3.769603450   33.084247848
    0.528879077    3.855731262   12.029616676
    0.532398615    3.860158041  -10.438067761
    0.535918154    3.808956158  -16.593008512
    0.539437692    3.771629358   -4.132148413
    0.542957231    3.796470030   15.846181152
    0.546476769    3.877612786   26.203570150
    0.549996308    3.961276632   16.618767008
    0.553515846    3.983051494   -6.704180056
    0.557035385    3.928136959  -24.035278920
    0.560554923    3.851693427  -16.431864243
    0.564074462    3.848708492   16.649871298
    0.567594000    3.982944360   56.853085307
    0.571113538    4.238260313   82.461320029
    0.574633077    4.537847024   81.211593152
    0.578152615    4.792005008   58.767240691
    0.581672154    4.950119613   29.267896059
    0.585191692    5.010107813    3.498899618
    0.588711231    4.996102125  -10.732103878
    0.592230769    4.953819359  -13.066998149
    0.595750308    4.926688944   -1.050221320
    0.599269846    4.968011747   24.394494160
    0.602789385    5.120732200   62.274075212
    0.606308923    5.420021904  106.663782505
    0.609828462    5.873989615  148.019492658
    0.613348000    6.451936986  175.258051094
    0.616867538    7.086683656  179.502610262
    0.620387077    7.695814276  161.789336873
    0.623906615    8.223678253  136.199111263
    0.627426154    8.676078901  122.781712054
    0.630945692    9.127627446  137.913430237
    0.634465231    9.688855278  183.940030872
    0.637984769   10.454067474  250.764549630
    0.641504308   11.463271789  319.438855099
    0.645023846   12.689131441  372.132293446
    0.648543385   14.060498799  401.123229088
    0.652062923   15.503339808  415.303610937
    0.655582462   16.994817681  432.155328307
    0.659102000   18.573606424  466.042821106
    0.662621538   20.302327277  516.552379309
    0.666141077   22.212476897  564.311027987
    0.669660615   24.255584447  590.287421071
    0.673180154   26.343129365  590.429147269
    0.676699692   28.413433796  585.903708721
    0.680219231   30.501301626  604.747889687
    0.683738769   32.719577768  658.972917900
    0.687258308   35.170188068  732.227613670
    0.690777846   37.858590098  787.623173130
    0.694297385   40.662834110  794.926001026
    0.697816923   43.393062285  746.450173268
    0.701336462   45.874710746  656.252103987
    0.704856000   47.999726309  548.629970188
    0.708375538   49.744412425  443.163322058
    0.711895077   51.141625499  353.020251311
    0.715414615   52.256459116  281.954722297
    0.718934154   53.150670331  227.702142606
    0.722453692   53.871471806  181.673185586
    0.725973231   54.436750169  138.599811972
    0.729492769   54.853690973   97.742510344
    0.733012308   55.133899088   62.422915839
    0.736531846   55.303634444   35.288160890
    0.740051385   55.394688767   17.468105981
    0.743570923   55.437704943    7.484323751
    0.747090462   55.454965540    2.919567182
    0.750610000   55.461325080    0.993909830
