#! FIELDS dist file.free der_dist
#! SET min_dist 0.201562
#! SET max_dist 0.75061
#! SET nbins_dist  157
#! SET periodic_dist false
    0.201562000   42.489642364   -0.067739624
    0.205081538   42.487798032   -0.786567986
    0.208601077   42.481106377   -3.158284934
    0.212120615   42.458676016  -10.371126391
    0.215640154   42.392595663  -29.422963455
    0.219159692   42.220747103  -73.217228329
    0.222679231   41.824063065 -161.079552797
    0.226198769   41.006911360 -315.546465917
    0.229718308   39.504715521 -551.540213203
    0.233237846   37.034041141 -862.263550899
    0.236757385   33.391154050 -1208.068902724
    0.240276923   28.571167946 -1517.567931764
    0.243796462   22.848774352 -1707.317665335
    0.247316000   16.770229097 -1712.608749148
    0.250835538   11.028280765 -1518.332105784
    0.254355077    6.263676426 -1169.651709036
    0.257874615    2.869132045 -756.929496079
    0.261394154    0.892233918 -378.927068349
    0.264913692    0.076123161 -105.224236707
    0.268433231    0.000000000   41.850361048
    0.271952769    0.244383735   83.290724122
    0.275472308    0.517150826   66.991318793
    0.278991846    0.709966383   46.483507193
    0.282511385    0.884916666   60.461793959
    0.286030923    1.187149448  116.316744045
    0.289550462    1.727274089  189.415364066
    0.293070000    2.500547033  242.244803924
    0.296589538    3.389455257  253.670979240
    0.300109077    4.249932805  229.573937773
    0.303628615    4.999484657  196.151674050
    0.307148154    5.656190100  179.322136424
    0.310667692    6.304708121  192.572345739
    0.314187231    7.044863743  229.193488742
    0.317706769    7.922474923  264.956156968
    0.321226308    8.883238138  273.342116909
    0.324745846    9.800166697  238.593058928
    0.328265385   10.537271370  176.968886456
    0.331784923   11.059497453  122.721140633
    0.335304462   11.453301795  108.182716882
    0.338824000   11.875157523  135.087433377
    0.342343538   12.423230214  172.468565730
    0.345863077   13.055084953  176.857345355
    0.349382615   13.602570183  123.181601734
    0.352902154   13.873758940   25.276396065
    0.356421692   13.785289649  -72.165039883
    0.359941231   13.425744051 -122.214806878
    0.363460769   13.012348905 -102.879447793
    0.366980308   12.766436409  -32.462344214
    0.370499846   12.793683372   44.724173678
    0.374019385   13.039779280   84.573778481
    0.377538923   13.329796403   70.596280551
    0.381058462   13.488133092   13.211408464
    0.384578000   13.413119111  -56.517659106
    0.388097538   13.111990406 -111.011575764
    0.391617077   12.664349577 -139.955673325
    0.395136615   12.154945463 -147.182697725
    0.398656154   11.645275120 -141.059751221
    0.402175692   11.176680307 -124.719740067
    0.405695231   10.779968200 -101.865185382
    0.409214769   10.463735715  -79.784094607
    0.412734308   10.205287643  -70.305727370
    0.416253846    9.953476467  -76.938808740
    0.419773385    9.659017622  -92.336265769
    0.423292923    9.306494119 -107.733323536
    0.426812462    8.904803580 -121.253703210
    0.430332000    8.461211119 -132.247023686
    0.433851538    7.984551361 -138.164844119
    0.437371077    7.500981946 -134.801247980
    0.440890615    7.050903266 -121.025310560
    0.444410154    6.660299448 -101.549615668
    0.447929692    6.337149662  -84.859332745
    0.451449231    6.065488268  -71.081828680
    0.454968769    5.842483593  -55.320225202
    0.458488308    5.685312163  -33.623237808
    0.462007846    5.610687112  -10.774081166
    0.465527385    5.606175738    4.257329013
    0.469046923    5.626817671    3.856657586
    0.472566462    5.617024711  -11.925266012
    0.476086000    5.532556632  -38.171241285
    0.479605538    5.348811082  -67.291698128
    0.483125077    5.070226221  -90.906283167
    0.486644615    4.734607719  -98.273628093
    0.490164154    4.413773844  -80.752915185
    0.493683692    4.194532531  -42.528613046
    0.497203231    4.123478784   -0.771552533
    0.500722769    4.172187341   22.012266210
    0.504242308    4.248507934   16.171395148
    0.507761846    4.267046981   -8.334516037
    0.511281385    4.203367683  -25.185941445
    0.514800923    4.123657909  -17.235922573
    0.518320462    4.113046250   11.297119886
    0.521840000    4.207676925   39.445698091
    0.525359538    4.368860698   46.580326151
    0.528879077    4.515882391   33.204425035
    0.532398615    4.603945203   15.760830464
    0.535918154    4.650465662   12.849498758
    0.539437692    4.720186124   27.360686290
    0.542957231    4.854249983   46.009230413
    0.546476769    5.028277252   47.903064692
    0.549996308    5.159584629   21.047017402
    0.553515846    5.157842137  -24.115067936
    0.557035385    5.006871808  -59.166659394
    0.560554923    4.792562672  -56.775090788
    0.564074462    4.659773994  -14.263776212
    0.567594000    4.715255282   44.138571507
    0.571113538    4.956048949   86.332844868
    0.574633077    5.284455074   92.315418360
    0.578152615    5.574527063   67.274676615
    0.581672154    5.751043821   31.891951587
    0.585191692    5.815602617    5.211236912
    0.588711231    5.817472666   -1.713781009
    0.592230769    5.826278154    7.574891555
    0.595750308    5.885766294   26.546037615
    0.599269846    6.017423086   46.057645767
    0.602789385    6.212287627   62.517235773
    0.606308923    6.457616441   75.260884161
    0.609828462    6.743805684   85.756832608
    0.613348000    7.065455290   95.305729469
    0.616867538    7.416635398  102.286397069
    0.620387077    7.786888263  106.496267559
    0.623906615    8.175578344  113.921212085
    0.627426154    8.611984949  136.271114040
    0.630945692    9.169957689  184.745089074
    0.634465231    9.945069336  257.658719002
    0.637984769   10.998200580  338.123630903
    0.641504308   12.306770273  398.313379546
    0.645023846   13.754620858  415.550443064
    0.648543385   15.184758913  389.664089522
    0.652062923   16.485081858  347.953160955
    0.655582462   17.665283487  327.473905742
    0.659102000   18.851952142  353.207476795
    0.662621538   20.210969403  423.675028896
    0.666141077   21.859640037  511.874162800
    0.669660615   23.803582937  587.302737425
    0.673180154   25.959450256  629.904323985
    0.676699692   28.203493730  639.185658149
    0.680219231   30.435315458  625.120675304
    0.683738769   32.594965739  599.236554410
    0.687258308   34.649221841  565.669235190
    0.690777846   36.563718002  518.157896602
    0.694297385   38.275459839  449.890338336
    0.697816923   39.708883762  360.793679225
    0.701336462   40.808321626  261.758453752
    0.704856000   41.565819760  170.207534249
    0.708375538   42.032365756   98.076024934
    0.711895077   42.286822668   49.906008118
    0.715414615   42.410553340   21.912652723
    0.718934154   42.461741518    8.697537515
    0.722453692   42.480929345    3.055361616
    0.725973231   42.487700004    0.784073590
    0.729492769   42.489804730   -0.000000000
    0.733012308   42.489804730   -0.000000000
    0.736531846   42.489804730   -0.000000000
    0.740051385   42.489804730   -0.000000000
    0.743570923   42.489804730   -0.000000000
    0.747090462   42.489804730   -0.000000000
    0.750610000   42.489804730   -0.000000000
