#! FIELDS dist file.free der_dist
#! SET min_dist 0.201562
#! SET max_dist 0.75061
#! SET nbins_dist  157
#! SET periodic_dist false
    0.201562000   53.411007905   -0.635542558
    0.205081538   53.404400645   -3.035392347
    0.208601077   53.382284890  -10.310753763
    0.212120615   53.315662284  -30.018545353
    0.215640154   53.137286941  -76.876531791
    0.219159692   52.713221225 -174.200193289
    0.222679231   51.816690062 -350.213452247
    0.226198769   50.127445966 -626.509552902
    0.229718308   47.290897770 -998.215603806
    0.233237846   43.040336690 -1418.450206486
    0.236757385   37.348898985 -1800.056441824
    0.240276923   30.533471699 -2041.397379132
    0.243796462   23.231616794 -2068.301988602
    0.247316000   16.243244127 -1867.016304360
    0.250835538   10.292443933 -1492.400317636
    0.254355077    5.822150699 -1044.349027668
    0.257874615    2.900484110 -628.303568855
    0.261394154    1.272411070 -317.177950041
    0.264913692    0.516098281 -132.333536191
    0.268433231    0.217367936  -50.700149902
    0.271952769    0.089533831  -27.077823038
    0.275472308    0.011236939  -15.877014769
    0.278991846    0.000000000   14.899241326
    0.282511385    0.155538338   78.067894495
    0.286030923    0.581663384  164.701989537
    0.289550462    1.316077256  247.922399581
    0.293070000    2.294224904  298.457653404
    0.296589538    3.371102415  303.826711309
    0.300109077    4.395052130  271.390332871
    0.303628615    5.267895653  222.533857338
    0.307148154    5.973361308  178.361647562
    0.310667692    6.556760781  155.517928188
    0.314187231    7.105624698  158.786995371
    0.317706769    7.701131023  178.363557856
    0.321226308    8.365634443  195.241460682
    0.324745846    9.053814073  188.424345358
    0.328265385    9.673078810  159.144958530
    0.331784923   10.175128353  126.020469262
    0.335304462   10.592974300  115.452035071
    0.338824000   11.030371849  135.473415572
    0.342343538   11.568812830  167.349452325
    0.345863077   12.187703111  176.223412218
    0.349382615   12.756441032  136.640081522
    0.352902154   13.105037731   55.175562411
    0.356421692   13.142352132  -32.588207097
    0.359941231   12.921296344  -85.906386015
    0.363460769   12.609722315  -83.902118996
    0.366980308   12.385624107  -40.408971058
    0.370499846   12.336547891    9.786299519
    0.374019385   12.428369114   34.178137243
    0.377538923   12.541373305   23.455296153
    0.381058462   12.566217200  -13.613847722
    0.384578000   12.447148958  -54.801652494
    0.388097538   12.199681086  -84.043218221
    0.391617077   11.875755605  -99.430326428
    0.395136615   11.511593676 -108.028001647
    0.398656154   11.117306948 -116.989169597
    0.402175692   10.693499178 -124.812645286
    0.405695231   10.250438713 -128.224818972
    0.409214769    9.802588410 -126.969895335
    0.412734308    9.357846300 -127.188674343
    0.416253846    8.908682255 -130.596941753
    0.419773385    8.448312977 -132.347363889
    0.423292923    7.990368051 -127.071968294
    0.426812462    7.562842983 -116.825205229
    0.430332000    7.178998350 -103.299011488
    0.433851538    6.843935727  -88.062608161
    0.437371077    6.562678105  -72.097860862
    0.440890615    6.337579778  -58.588385142
    0.444410154    6.147463978  -52.339137616
    0.447929692    5.961366046  -57.233556900
    0.451449231    5.746008246  -66.861972385
    0.454968769    5.502078309  -71.056561733
    0.458488308    5.263173548  -63.720359726
    0.462007846    5.065916895  -49.918845407
    0.465527385    4.916266531  -38.392485946
    0.469046923    4.792281403  -34.645921638
    0.472566462    4.671057917  -35.294991941
    0.476086000    4.549033552  -34.953873368
    0.479605538    4.433377448  -32.207074824
    0.483125077    4.326762059  -30.886487261
    0.486644615    4.220067815  -32.379858767
    0.490164154    4.107970231  -32.031993540
    0.493683692    4.006555874  -26.179053846
    0.497203231    3.934231649  -16.840435866
    0.500722769    3.887933058  -13.453292110
    0.504242308    3.832402271  -20.890841163
    0.507761846    3.738825587  -33.887051785
    0.511281385    3.612722560  -35.665001715
    0.514800923    3.516604405  -17.797653806
    0.518320462    3.508249260   10.799980193
    0.521840000    3.589023314   30.586307215
    0.525359538    3.699230805   26.208531003
    0.528879077    3.759627499    5.068528352
    0.532398615    3.746946797  -12.160652622
    0.535918154    3.706668937   -7.924948311
    0.539437692    3.721736388   16.963880330
    0.542957231    3.838947230   46.343052855
    0.546476769    4.033520475   58.817958720
    0.549996308    4.223009979   42.919661847
    0.553515846    4.316806843    7.373324169
    0.557035385    4.287470893  -23.284674305
    0.560554923    4.194881377  -25.415898912
    0.564074462    4.151597725    3.819275839
    0.567594000    4.241558038   45.256251573
    0.571113538    4.461412602   73.979010371
    0.574633077    4.734661436   74.231704489
    0.578152615    4.961736634   49.804360962
    0.581672154    5.080543791   15.701398001
    0.585191692    5.084559685  -14.327913312
    0.588711231    5.005032278  -29.266203572
    0.592230769    4.903485905  -27.264559836
    0.595750308    4.839829937   -7.062523868
    0.599269846    4.875704281   27.164656414
    0.602789385    5.049481921   70.808455605
    0.606308923    5.380926759  115.510075468
    0.609828462    5.858172475  151.619793579
    0.613348000    6.433694164  169.972680260
    0.616867538    7.032059171  164.176244712
    0.620387077    7.570902328  137.596128543
    0.623906615    8.001391647  105.688847273
    0.627426154    8.340532487   89.718363302
    0.630945692    8.678392829  107.465504320
    0.634465231    9.145688407  162.053661292
    0.637984769    9.856736639  242.520663148
    0.641504308   10.864020571  326.538206393
    0.645023846   12.137434305  391.129812280
    0.648543385   13.585429761  424.229043935
    0.652062923   15.103424877  433.508025929
    0.655582462   16.640720691  439.650753997
    0.659102000   18.226616236  463.289672774
    0.662621538   19.937377936  510.574640686
    0.666141077   21.834759593  564.696325631
    0.669660615   23.902053078  604.605048631
    0.673180154   26.068594930  620.973569936
    0.676699692   28.271095732  629.671615672
    0.680219231   30.527733746  655.815871447
    0.683738769   32.928974784  710.869524314
    0.687258308   35.554415346  778.654888470
    0.690777846   38.386262908  821.373839485
    0.694297385   41.273217277  806.542278812
    0.697816923   43.988934556  724.889833658
    0.701336462   46.323640096  593.699994676
    0.704856000   48.156552560  446.533226291
    0.708375538   49.490620626  315.142021829
    0.711895077   50.423146591  220.845047014
    0.715414615   51.097135546  166.657179256
    0.718934154   51.634702039  141.574605325
    0.722453692   52.107008995  126.136655182
    0.725973231   52.522249506  107.513169397
    0.729492769   52.860226723   82.613969270
    0.733012308   53.104066848   56.051204491
    0.736531846   53.259372555   32.906288967
    0.740051385   53.345323848   16.688914453
    0.743570923   53.386195883    7.484323751
    0.747090462   53.403456480    2.919567182
    0.750610000   53.409816020    0.993909830
