#! FIELDS dist file.free der_dist
#! SET min_dist 0.201562
#! SET max_dist 0.75061
#! SET nbins_dist  157
#! SET periodic_dist false
    0.201562000   55.987752551   -0.843684220
    0.205081538   55.979544913   -3.777507612
    0.208601077   55.952641968  -12.476628487
    0.212120615   55.873246731  -35.530660081
    0.215640154   55.664698849  -89.228343778
    0.219159692   55.177615539 -198.615847267
    0.222679231   54.164986413 -392.711784085
    0.226198769   52.287238660 -691.543571960
    0.229718308   49.181598430 -1085.448959203
    0.233237846   44.594637004 -1520.515069392
    0.236757385   38.537097057 -1903.453302856
    0.240276923   31.377613803 -2131.216968904
    0.243796462   23.799386328 -2134.528994724
    0.247316000   16.622315912 -1908.617156379
    0.250835538   10.558760012 -1516.456923953
    0.254355077    6.019859183 -1060.821391309
    0.257874615    3.042428053 -644.219086099
    0.261394154    1.356418309 -333.905747823
    0.264913692    0.543896854 -146.798108947
    0.268433231    0.204402306  -58.790631962
    0.271952769    0.062864742  -26.642793425
    0.275472308    0.000000000   -7.930586466
    0.278991846    0.024944796   26.535030064
    0.282511385    0.220634880   88.287993920
    0.286030923    0.672826587  168.436788718
    0.289550462    1.404350812  242.214036891
    0.293070000    2.345813133  283.618482569
    0.296589538    3.359578873  283.656595417
    0.300109077    4.311935375  251.753724149
    0.303628615    5.125552710  209.271093605
    0.307148154    5.801520351  175.139296775
    0.310667692    6.392830037  163.036543625
    0.314187231    6.984764393  175.158247528
    0.317706769    7.648848636  200.273266472
    0.321226308    8.394710585  218.859693105
    0.324745846    9.164024351  210.250755797
    0.328265385    9.852272341  175.940396915
    0.331784923   10.400017996  134.567588707
    0.335304462   10.829557108  113.157425913
    0.338824000   11.238477786  121.651412428
    0.342343538   11.711525204  144.675207881
    0.345863077   12.243961811  150.900095406
    0.349382615   12.730842823  116.674462289
    0.352902154   13.029241954   47.410370396
    0.356421692   13.065921315  -25.314654339
    0.359941231   12.894574862  -65.768223897
    0.363460769   12.667370786  -57.434702159
    0.366980308   12.536532757  -15.152757308
    0.370499846   12.566280890   28.710895511
    0.374019385   12.711427392   45.570176889
    0.377538923   12.853300028   28.673166476
    0.381058462   12.887273499  -13.707605369
    0.384578000   12.757187919  -61.415324228
    0.388097538   12.472639127  -98.675710618
    0.391617077   12.084869038 -120.529051114
    0.395136615   11.644132245 -129.161635976
    0.398656154   11.188989681 -129.094560540
    0.402175692   10.749241346 -121.193139995
    0.405695231   10.348456803 -108.413072854
    0.409214769    9.991200604  -96.674914339
    0.412734308    9.659430557  -94.671355012
    0.416253846    9.318409458 -102.643655041
    0.419773385    8.943135761 -112.337605466
    0.423292923    8.539957462 -116.167469203
    0.426812462    8.133711938 -115.871877069
    0.430332000    7.733785305 -113.650192439
    0.433851538    7.341272996 -110.318329019
    0.437371077    6.963658419 -104.100145487
    0.440890615    6.617188727  -94.478337001
    0.444410154    6.305411290  -84.474651862
    0.447929692    6.022754215  -79.288820170
    0.451449231    5.751361559  -76.750093283
    0.454968769    5.491172920  -71.122980547
    0.458488308    5.262713459  -58.548899743
    0.462007846    5.087107429  -43.307829559
    0.465527385    4.961144908  -31.586563188
    0.469046923    4.862575091  -26.878731560
    0.472566462    4.772062130  -25.564196184
    0.476086000    4.687149914  -23.961920913
    0.479605538    4.608760245  -22.649380969
    0.483125077    4.528057998  -26.393230751
    0.486644615    4.424388404  -35.555234583
    0.490164154    4.287139657  -43.050981618
    0.493683692    4.136263479  -42.845640286
    0.497203231    4.000631293  -35.602256696
    0.500722769    3.889742365  -30.981451386
    0.504242308    3.777874947  -35.331388060
    0.507761846    3.639399721  -45.171552841
    0.511281385    3.477483899  -44.972311356
    0.514800923    3.350737082  -25.996650914
    0.518320462    3.316936060    4.822669255
    0.521840000    3.384795534   29.696897559
    0.525359538    3.504806405   32.810348386
    0.528879077    3.600820837   18.052738248
    0.532398615    3.637209365    1.317961335
    0.535918154    3.633056416   -2.316202552
    0.539437692    3.644119607    8.365746672
    0.542957231    3.704851378   23.349612590
    0.546476769    3.802238647   28.034939390
    0.549996308    3.884668669   14.498604226
    0.553515846    3.896155268  -10.007092315
    0.557035385    3.830968652  -26.350900488
    0.560554923    3.749365065  -17.078987980
    0.564074462    3.746096110   16.889635642
    0.567594000    3.880637579   56.472893874
    0.571113538    4.131282508   79.922020007
    0.574633077    4.416520339   75.450239476
    0.578152615    4.644372815   49.627543311
    0.581672154    4.765483634   17.588888029
    0.585191692    4.782094756   -9.216671451
    0.588711231    4.723739420  -23.034988512
    0.592230769    4.639973008  -24.351148751
    0.595750308    4.574648617  -11.577811734
    0.599269846    4.579640301   14.204831927
    0.602789385    4.697355761   52.675184166
    0.606308923    4.965557848   98.842162004
    0.609828462    5.397522877  143.564092193
    0.613348000    5.967503742  175.285565585
    0.616867538    6.610486300  184.013778506
    0.620387077    7.241994018  169.751090596
    0.623906615    7.801437474  145.863590524
    0.627426154    8.288130754  132.282233287
    0.630945692    8.770470695  145.632975175
    0.634465231    9.353898580  188.672865676
    0.637984769   10.129439436  251.763588536
    0.641504308   11.135008668  316.284189906
    0.645023846   12.341861483  364.384477343
    0.648543385   13.677255754  388.294351237
    0.652062923   15.066038908  397.499333506
    0.655582462   16.488291794  410.997597965
    0.659102000   17.991985470  445.368897821
    0.662621538   19.656392946  501.458824342
    0.666141077   21.529328008  558.579585335
    0.669660615   23.569307426  593.753917406
    0.673180154   25.678977689  598.464961636
    0.676699692   27.775658222  591.703877709
    0.680219231   29.872572952  603.689227389
    0.683738769   32.075429137  651.925378358
    0.687258308   34.500165807  726.039444326
    0.690777846   37.182669527  792.036208406
    0.694297385   40.033105064  817.584201082
    0.697816923   42.878536501  788.876330651
    0.701336462   45.537074321  712.852829869
    0.704856000   47.871870736  609.324459639
    0.708375538   49.822238058  497.823987782
    0.711895077   51.391086469  395.178417834
    0.715414615   52.629533419  310.071048001
    0.718934154   53.601007785  244.050194059
    0.722453692   54.364056039  189.969315050
    0.725973231   54.949636440  142.248219870
    0.729492769   55.375178722   99.093598988
    0.733012308   55.658351513   62.891082850
    0.736531846   55.829059247   35.430027460
    0.740051385   55.920482886   17.468105981
    0.743570923   55.963499062    7.484323751
    0.747090462   55.980759659    2.919567182
    0.750610000   55.987119199    0.993909830
