#! FIELDS dist file.free der_dist
#! SET min_dist 0.201562
#! SET max_dist 0.75061
#! SET nbins_dist  157
#! SET periodic_dist false
    0.201562000   56.217886324   -0.843684220
    0.205081538   56.209666333   -3.782652300
    0.208601077   56.182688879  -12.510332278
    0.212120615   56.103060401  -35.643714035
    0.215640154   55.893760751  -89.571809216
    0.219159692   55.404631871 -199.508273512
    0.222679231   54.387072980 -394.742863112
    0.226198769   52.498933362 -695.577397396
    0.229718308   49.374170037 -1092.417791538
    0.233237846   44.756657756 -1530.919527234
    0.236757385   38.657051761 -1916.745314502
    0.240276923   31.448329066 -2145.476667631
    0.243796462   23.822372608 -2146.879910824
    0.247316000   16.609277420 -1916.376396385
    0.250835538   10.528551463 -1518.428225805
    0.254355077    5.991849595 -1057.911649098
    0.257874615    3.029692258 -638.938633345
    0.261394154    1.362147417 -329.126829121
    0.264913692    0.562415935 -144.527605441
    0.268433231    0.225435263  -59.601719051
    0.271952769    0.076487747  -29.849060139
    0.275472308    0.000000000  -12.235848063
    0.278991846    0.009629619   22.297119100
    0.282511385    0.191411258   84.639461685
    0.286030923    0.631504629  165.070363067
    0.289550462    1.350531435  238.288125123
    0.293070000    2.275909165  278.304650460
    0.296589538    3.268130674  276.762703294
    0.300109077    4.194587785  244.167107858
    0.303628615    4.982894668  202.832387006
    0.307148154    5.641480860  172.039973944
    0.310667692    6.230282640  164.861074334
    0.314187231    6.837769487  182.044989329
    0.317706769    7.532975232  210.699529516
    0.321226308    8.318153966  230.329038450
    0.324745846    9.126204381  220.479611877
    0.328265385    9.846454863  183.811907145
    0.331784923   10.417798265  140.196155610
    0.335304462   10.864136214  117.152147307
    0.338824000   11.284881104  124.403971563
    0.342343538   11.765525156  146.209751036
    0.345863077   12.301431580  151.382367158
    0.349382615   12.788986432  116.678962634
    0.352902154   13.087741947   47.672159776
    0.356421692   13.126246537  -24.591355266
    0.359941231   12.957334679  -65.322858961
    0.363460769   12.729465154  -58.446349462
    0.366980308   12.591352083  -18.286831783
    0.370499846   12.607094942   24.117810339
    0.374019385   12.736218033   41.381839950
    0.377538923   12.867316897   27.045778066
    0.381058462   12.901972773  -11.618848017
    0.384578000   12.785393881  -56.028606256
    0.388097538   12.523176133  -91.754156217
    0.391617077   12.159180832 -114.292021008
    0.395136615   11.736443516 -125.412412317
    0.398656154   11.288792734 -128.648646673
    0.402175692   10.844856487 -123.941445244
    0.405695231   10.429683101 -113.704936745
    0.409214769   10.050513576 -103.700716168
    0.412734308    9.692171424 -102.617574819
    0.416253846    9.322949582 -110.539680430
    0.419773385    8.921776017 -118.954746283
    0.423292923    8.499667322 -120.092850247
    0.426812462    8.086040288 -116.014320289
    0.430332000    7.692820169 -109.760183718
    0.433851538    7.320075707 -103.191421738
    0.437371077    6.970939985  -95.344510996
    0.440890615    6.655513989  -85.861293180
    0.444410154    6.371817525  -77.309938361
    0.447929692    6.110919690  -74.139186480
    0.451449231    5.854146113  -73.549264676
    0.454968769    5.602277242  -69.533163942
    0.458488308    5.377072222  -58.257111939
    0.462007846    5.200481393  -44.159001486
    0.465527385    5.069647723  -33.494089098
    0.469046923    4.962794261  -29.621962505
    0.472566462    4.861879686  -28.634924072
    0.476086000    4.766615817  -26.669665704
    0.479605538    4.680209114  -24.439803240
    0.483125077    4.594944784  -27.236727743
    0.486644615    4.489184306  -36.054370478
    0.490164154    4.349396121  -44.147718308
    0.493683692    4.192488035  -45.238434632
    0.497203231    4.046151392  -39.206772629
    0.500722769    3.921710656  -34.885755186
    0.504242308    3.797295517  -38.388134582
    0.507761846    3.650543404  -46.790358836
    0.511281385    3.485186745  -45.412687725
    0.514800923    3.357867153  -26.015636036
    0.518320462    3.323857547    4.661771452
    0.521840000    3.390673531   29.261883666
    0.525359538    3.508634243   32.047734115
    0.528879077    3.600915505   16.593012286
    0.532398615    3.630183856   -1.319431869
    0.535918154    3.614748137   -5.983008270
    0.539437692    3.612882224    4.996406335
    0.542957231    3.665272726   22.318419322
    0.546476769    3.765614257   30.880287048
    0.549996308    3.865080917   21.141596038
    0.553515846    3.904220461   -1.336956934
    0.557035385    3.869380266  -18.185927878
    0.560554923    3.812528850  -11.414839503
    0.564074462    3.823549575   19.319241270
    0.567594000    3.961597569   56.197152750
    0.571113538    4.208275305   78.175182825
    0.574633077    4.486882821   73.658305293
    0.578152615    4.710159695   48.970257936
    0.581672154    4.831987512   18.673280213
    0.585191692    4.855390770   -6.551243081
    0.588711231    4.808014490  -19.667848885
    0.592230769    4.735625066  -21.448369709
    0.595750308    4.678298581  -10.042772945
    0.599269846    4.685816284   14.128029698
    0.602789385    4.800933288   51.395629706
    0.606308923    5.063664606   97.135503894
    0.609828462    5.490034815  142.195964473
    0.613348000    6.056442754  174.660274894
    0.616867538    6.698496298  184.036364951
    0.620387077    7.330345188  169.755152286
    0.623906615    7.888201803  144.735517479
    0.627426154    8.367198655  128.879228865
    0.630945692    8.832658619  139.444815723
    0.634465231    9.390181565  180.359317214
    0.637984769   10.135278514  243.143326280
    0.641504308   11.113319185  309.617831815
    0.645023846   12.302762343  361.336460995
    0.648543385   13.634602609  389.269158423
    0.652062923   15.032883626  401.716426820
    0.655582462   16.473807534  417.165109157
    0.659102000   18.001076877  452.480705145
    0.662621538   19.691557747  509.146938280
    0.666141077   21.592680584  566.918868661
    0.669660615   23.663183531  602.718114281
    0.673180154   25.804816624  607.535262538
    0.676699692   27.932308584  599.983093184
    0.680219231   30.055712124  610.345008302
    0.683738769   32.278568515  656.585252772
    0.687258308   34.716419939  728.892420342
    0.690777846   37.406457586  793.554740472
    0.694297385   40.260694560  818.276370790
    0.697816923   43.107752294  789.158375908
    0.701336462   45.766915473  712.953035412
    0.704856000   48.101922099  609.355580812
    0.708375538   50.052371832  497.823987782
    0.711895077   51.621220243  395.178417834
    0.715414615   52.859667193  310.071048001
    0.718934154   53.831141559  244.050194059
    0.722453692   54.594189813  189.969315050
    0.725973231   55.179770213  142.248219870
    0.729492769   55.605312496   99.093598988
    0.733012308   55.888485287   62.891082850
    0.736531846   56.059193020   35.430027460
    0.740051385   56.150616660   17.468105981
    0.743570923   56.193632836    7.484323751
    0.747090462   56.210893433    2.919567182
    0.750610000   56.217252973    0.993909830
