#! FIELDS dist file.free der_dist
#! SET min_dist 0.201562
#! SET max_dist 0.75061
#! SET nbins_dist  157
#! SET periodic_dist false
    0.201562000   52.259318835   -0.432753881
    0.205081538   52.254151536   -2.347840697
    0.208601077   52.236554890   -8.255942399
    0.212120615   52.182115689  -24.727853787
    0.215640154   52.032841060  -64.915891257
    0.219159692   51.669918819 -150.470991760
    0.222679231   50.886102484 -309.012244715
    0.226198769   49.378663498 -564.142581902
    0.229718308   46.797332893 -916.491558995
    0.233237846   42.855490657 -1327.015399160
    0.236757385   37.479718638 -1715.169986040
    0.240276923   30.925278665 -1980.643782330
    0.243796462   23.776134470 -2043.419274008
    0.247316000   16.809252043 -1878.852517022
    0.250835538   10.765649043 -1530.929063900
    0.254355077    6.136218574 -1093.430585954
    0.257874615    3.046745797 -672.364964079
    0.261394154    1.288036574 -346.334471890
    0.264913692    0.459973619 -144.122767989
    0.268433231    0.145804054  -48.626931073
    0.271952769    0.040478543  -17.499145252
    0.275472308    0.000000000   -4.860535334
    0.278991846    0.023747754   23.573475927
    0.282511385    0.203082351   83.055241027
    0.286030923    0.640882372  166.636003190
    0.289550462    1.379028451  248.545136168
    0.293070000    2.359976080  299.833293604
    0.296589538    3.446281912  308.161810185
    0.300109077    4.493068905  280.204147319
    0.303628615    5.404764401  235.586430308
    0.307148154    6.160235596  193.163392523
    0.310667692    6.793119409  168.248841583
    0.314187231    7.378205476  166.288847883
    0.317706769    7.989172150  179.725275815
    0.321226308    8.648873939  191.480294960
    0.324745846    9.317186892  181.191262809
    0.328265385    9.906776495  149.751066284
    0.331784923   10.373750046  115.749712694
    0.335304462   10.756842513  106.497401652
    0.338824000   11.169288887  130.814052350
    0.342343538   11.702457308  169.231038034
    0.345863077   12.339144859  184.051530073
    0.349382615   12.939933647  146.116103815
    0.352902154   13.315054791   59.683773654
    0.356421692   13.350647224  -38.673293971
    0.359941231   13.085998694 -104.509919751
    0.363460769   12.690027805 -112.437799737
    0.366980308   12.355591859  -73.562388780
    0.370499846   12.190293151  -22.148782103
    0.374019385   12.178514719    7.914563242
    0.377538923   12.213054545    5.439353298
    0.381058462   12.190229690  -22.725216756
    0.384578000   12.053211498  -56.184654449
    0.388097538   11.810392063  -80.517881352
    0.391617077   11.502043787  -94.700985595
    0.395136615   11.151371816 -105.490277857
    0.398656154   10.758464909 -118.856592894
    0.402175692   10.319337426 -131.532346292
    0.405695231    9.845684804 -138.547373067
    0.409214769    9.358370238 -138.655985224
    0.412734308    8.873576217 -137.838774447
    0.416253846    8.391376272 -138.476250054
    0.419773385    7.909207058 -136.839279378
    0.423292923    7.440598412 -128.852285469
    0.426812462    7.009363296 -117.414490450
    0.430332000    6.623178357 -104.222859250
    0.433851538    6.283262292  -89.854189663
    0.437371077    5.995095411  -73.968156779
    0.440890615    5.765426185  -58.991760880
    0.444410154    5.578461865  -49.971610069
    0.447929692    5.406234642  -51.764775851
    0.451449231    5.214543796  -59.058135414
    0.454968769    4.999828618  -62.563077005
    0.458488308    4.789178623  -56.466478445
    0.462007846    4.612616673  -45.639155982
    0.465527385    4.471290423  -37.946285611
    0.469046923    4.342532578  -37.562223233
    0.472566462    4.207590346  -39.796505135
    0.476086000    4.070287242  -38.732409696
    0.479605538    3.945122851  -33.653700303
    0.483125077    3.838134382  -29.720184169
    0.486644615    3.739108671  -29.352730659
    0.490164154    3.639699815  -27.879761031
    0.493683692    3.554962195  -20.699506113
    0.497203231    3.505659210   -9.042196727
    0.500722769    3.491924190   -2.714470756
    0.504242308    3.478119029   -8.218075163
    0.507761846    3.428769417  -21.926173917
    0.511281385    3.338962365  -27.388982028
    0.514800923    3.262594760  -14.978299670
    0.518320462    3.254470918    8.273320771
    0.521840000    3.318798488   24.066400315
    0.525359538    3.401475544   17.380816476
    0.528879077    3.429098946   -4.451272417
    0.532398615    3.384031256  -20.724209836
    0.535918154    3.317534116  -13.998965881
    0.539437692    3.317185200   14.386126764
    0.542957231    3.431516609   47.177311756
    0.546476769    3.633597917   62.056632832
    0.549996308    3.836692665   47.250133394
    0.553515846    3.946195610   11.941425200
    0.557035385    3.932813836  -18.792944623
    0.560554923    3.855738535  -21.106479590
    0.564074462    3.826750795    7.571483031
    0.567594000    3.927931318   47.850988318
    0.571113538    4.154385742   75.172960730
    0.574633077    4.430314943   74.801374578
    0.578152615    4.660770008   51.498570466
    0.581672154    4.790277343   20.347519475
    0.585191692    4.817094699   -6.017727489
    0.588711231    4.772059652  -18.210099615
    0.592230769    4.711512486  -15.311836909
    0.595750308    4.689341184    4.430361710
    0.599269846    4.764369369   38.040369883
    0.602789385    4.975944196   81.479953013
    0.606308923    5.344461764  125.781007763
    0.609828462    5.855222261  160.062266997
    0.613348000    6.454300144  174.714461527
    0.616867538    7.061141324  164.242527424
    0.620387077    7.592870375  133.795322618
    0.623906615    8.006252055  100.210035579
    0.627426154    8.326987491   85.187958519
    0.630945692    8.653643286  105.914271786
    0.634465231    9.121963684  164.213504309
    0.637984769    9.845576462  247.186701114
    0.641504308   10.868897258  330.280775626
    0.645023846   12.147186029  389.346442845
    0.648543385   13.573062838  413.036437890
    0.652062923   15.033483596  412.303973103
    0.655582462   16.483121249  411.991863221
    0.659102000   17.969700393  435.773400803
    0.662621538   19.594031058  490.040948665
    0.666141077   21.438291361  555.512893658
    0.669660615   23.494182343  607.039543068
    0.673180154   25.684263900  630.862389413
    0.676699692   27.923685375  639.378946168
    0.680219231   30.201456259  656.887453717
    0.683738769   32.582902115  698.251968947
    0.687258308   35.141771103  754.585503361
    0.690777846   37.883080992  796.410077642
    0.694297385   40.703068246  796.134531497
    0.697816923   43.428546824  742.587387917
    0.701336462   45.882646980  643.386977754
    0.704856000   47.933784334  517.917893550
    0.708375538   49.524776237  385.293984035
    0.711895077   50.662049108  262.993340704
    0.715414615   51.406197627  162.682978326
    0.718934154   51.845012183   90.925450192
    0.722453692   52.079017545   45.060815453
    0.725973231   52.189889805   19.637325568
    0.729492769   52.236463083    7.372706889
    0.733012308   52.252788040    2.611643290
    0.736531846   52.258563513    0.690537796
    0.740051385   52.260407082   -0.000000000
    0.743570923   52.260407082   -0.000000000
    0.747090462   52.260407082   -0.000000000
    0.750610000   52.260407082   -0.000000000
