#! FIELDS dist file.free der_dist
#! SET min_dist 0.201562
#! SET max_dist 0.75061
#! SET nbins_dist  157
#! SET periodic_dist false
    0.201562000   56.219954663   -0.843684220
    0.205081538   56.211734672   -3.782652300
    0.208601077   56.184757218  -12.510332278
    0.212120615   56.105128740  -35.643714035
    0.215640154   55.895829090  -89.571809216
    0.219159692   55.406700210 -199.508273512
    0.222679231   54.389141319 -394.742863112
    0.226198769   52.501001701 -695.577397396
    0.229718308   49.376238376 -1092.417791538
    0.233237846   44.758726095 -1530.919527234
    0.236757385   38.659120100 -1916.745314502
    0.240276923   31.450397405 -2145.476667631
    0.243796462   23.824440947 -2146.879910824
    0.247316000   16.611345759 -1916.376396385
    0.250835538   10.530619802 -1518.428225805
    0.254355077    5.993917934 -1057.911649098
    0.257874615    3.031751296 -638.942308176
    0.261394154    1.364180637 -329.139468560
    0.264913692    0.564367119 -144.565646116
    0.268433231    0.227158317  -59.701682040
    0.271952769    0.077657007  -30.077708005
    0.275472308    0.000000000  -12.689058285
    0.278991846    0.007494093   21.523933484
    0.282511385    0.185930779   83.516747016
    0.286030923    0.621596947  163.710703583
    0.289550462    1.335813688  236.973163060
    0.293070000    2.257190612  277.407882085
    0.296589538    3.247456785  276.582001149
    0.300109077    4.174673490  244.766128442
    0.303628615    4.966183761  204.001953941
    0.307148154    5.629358709  173.412676126
    0.310667692    6.222812203  166.081078850
    0.314187231    6.833962836  182.879897570
    0.317706769    7.531251419  211.035133165
    0.321226308    8.316622939  230.089004849
    0.324745846    9.122671414  219.563074824
    0.328265385    9.838357258  182.125667101
    0.331784923   10.402446019  137.788720012
    0.335304462   10.839471519  114.356028223
    0.338824000   11.250604173  121.857325493
    0.342343538   11.723802731  144.635293068
    0.345863077   12.256575668  151.204057438
    0.349382615   12.745797729  117.718104416
    0.352902154   13.049250518   49.129952812
    0.356421692   13.091997234  -23.825692269
    0.359941231   12.923082053  -66.217185681
    0.363460769   12.688386488  -61.450455259
    0.366980308   12.536216900  -23.172193266
    0.370499846   12.532621117   18.201932499
    0.374019385   12.640911487   35.682681519
    0.377538923   12.754247538   22.849127572
    0.381058462   12.778209508  -13.400491428
    0.384578000   12.659998401  -55.248875323
    0.388097538   12.404078266  -89.152464216
    0.391617077   12.050406218 -111.288211547
    0.395136615   11.636790932 -123.428020273
    0.398656154   11.193154974 -128.377730998
    0.402175692   10.747574459 -124.997710075
    0.405695231   10.328033110 -114.899024248
    0.409214769    9.946358657 -103.749453779
    0.412734308    9.590998368 -100.831653859
    0.416253846    9.231146176 -107.111881281
    0.419773385    8.843694223 -114.772147349
    0.423292923    8.435942935 -116.322394105
    0.426812462    8.033458008 -113.594337707
    0.430332000    7.645763310 -109.044112906
    0.433851538    7.272928655 -103.848480310
    0.437371077    6.920306675  -96.494988531
    0.440890615    6.601493081  -86.477820799
    0.444410154    6.317686655  -76.680098481
    0.447929692    6.061474443  -72.149188635
    0.451449231    5.813511645  -70.650429387
    0.454968769    5.572365585  -66.468917242
    0.458488308    5.357190313  -55.732710446
    0.462007846    5.187866273  -42.600913560
    0.465527385    5.060583236  -33.032425180
    0.469046923    4.953584194  -30.126245794
    0.472566462    4.849657664  -29.772521815
    0.476086000    4.749962378  -27.963093350
    0.479605538    4.659509579  -25.380199045
    0.483125077    4.572174256  -27.430781422
    0.486644615    4.467229965  -35.417159211
    0.490164154    4.330873375  -42.893268845
    0.493683692    4.178865433  -43.783737928
    0.497203231    4.037361902  -37.977449889
    0.500722769    3.916373807  -34.193852074
    0.504242308    3.793155356  -38.423987595
    0.507761846    3.644821485  -47.667599800
    0.511281385    3.474800356  -47.183868470
    0.514800923    3.339748662  -28.610653559
    0.518320462    3.295514241    1.508904512
    0.521840000    3.350908752   26.013099307
    0.525359538    3.458050952   29.231250294
    0.528879077    3.541810912   14.611303003
    0.532398615    3.565762093   -2.372581491
    0.535918154    3.547958318   -6.333893392
    0.539437692    3.545522016    4.957189275
    0.542957231    3.597834013   22.279685246
    0.546476769    3.697924578   30.794027994
    0.549996308    3.797309727   21.236377864
    0.553515846    3.837620252   -0.708726361
    0.557035385    3.806343725  -16.760353758
    0.560554923    3.756000389   -9.159476449
    0.564074462    3.776118365   22.176601808
    0.567594000    3.924693963   59.240495172
    0.571113538    4.181718280   80.923835978
    0.574633077    4.468850977   75.695795585
    0.578152615    4.697619860   50.018456643
    0.581672154    4.821274581   18.668060141
    0.585191692    4.842965679   -7.482380901
    0.588711231    4.791082679  -21.242750506
    0.592230769    4.712505123  -23.343058510
    0.595750308    4.648314973  -12.032158912
    0.599269846    4.648770739   12.100550419
    0.602789385    4.756640467   49.306582811
    0.606308923    5.012068623   95.118476426
    0.609828462    5.432081376  140.698090265
    0.613348000    5.995049781  174.304106758
    0.616867538    6.638551007  185.248842013
    0.620387077    7.277373058  172.439080786
    0.623906615    7.846400955  148.265274735
    0.627426154    8.338078801  132.421793456
    0.630945692    8.815024364  142.350997047
    0.634465231    9.381212822  182.366384746
    0.637984769   10.131878862  244.325198685
    0.641504308   11.112984134  310.221038617
    0.645023846   12.303896213  361.603557222
    0.648543385   13.636349553  389.372223148
    0.652062923   15.034854188  401.751190270
    0.655582462   16.475857434  417.172192939
    0.659102000   18.003145216  452.480705145
    0.662621538   19.693626086  509.146938280
    0.666141077   21.594748923  566.918868661
    0.669660615   23.665251870  602.718114281
    0.673180154   25.806884963  607.535262538
    0.676699692   27.934376923  599.983093184
    0.680219231   30.057780463  610.345008302
    0.683738769   32.280636854  656.585252772
    0.687258308   34.718488278  728.892420342
    0.690777846   37.408525925  793.554740472
    0.694297385   40.262762898  818.276370790
    0.697816923   43.109820632  789.158375908
    0.701336462   45.768983812  712.953035412
    0.704856000   48.103990438  609.355580812
    0.708375538   50.054440171  497.823987782
    0.711895077   51.623288582  395.178417834
    0.715414615   52.861735532  310.071048001
    0.718934154   53.833209897  244.050194059
    0.722453692   54.596258151  189.969315050
    0.725973231   55.181838552  142.248219870
    0.729492769   55.607380835   99.093598988
    0.733012308   55.890553626   62.891082850
    0.736531846   56.061261359   35.430027460
    0.740051385   56.152684999   17.468105981
    0.743570923   56.195701175    7.484323751
    0.747090462   56.212961772    2.919567182
    0.750610000   56.219321312    0.993909830
