#! FIELDS dist file.free der_dist
#! SET min_dist 0.201562
#! SET max_dist 0.75061
#! SET nbins_dist  157
#! SET periodic_dist false
    0.201562000   49.933843590   -0.284895335
    0.205081538   49.929988545   -1.742897754
    0.208601077   49.916360360   -6.422539239
    0.212120615   49.873057358  -19.832168643
    0.215640154   49.751275023  -53.435028243
    0.219159692   49.448391008 -126.742052132
    0.222679231   48.780096587 -265.899884093
    0.226198769   47.468042127 -495.514242164
    0.229718308   45.175893186 -821.312278081
    0.233237846   41.605814046 -1213.118822710
    0.236757385   36.639920726 -1599.594736574
    0.240276923   30.464055319 -1884.547354185
    0.243796462   23.593232315 -1983.245772013
    0.247316000   16.766928086 -1858.583652201
    0.250835538   10.737561988 -1540.465363233
    0.254355077    6.049031257 -1114.178676202
    0.257874615    2.893817898 -686.607411726
    0.261394154    1.111464442 -344.977013877
    0.264913692    0.314337192 -129.042640792
    0.268433231    0.063991790  -29.364313150
    0.271952769    0.017572028   -4.852063732
    0.275472308    0.000000000   -4.923464229
    0.278991846    0.001854577   12.092018528
    0.282511385    0.130262293   67.037786659
    0.286030923    0.515512189  154.131717064
    0.289550462    1.222528489  243.618882510
    0.293070000    2.197705352  300.844909058
    0.296589538    3.289999664  309.537933852
    0.300109077    4.334710448  277.232440718
    0.303628615    5.227830906  228.638896380
    0.307148154    5.960351254  188.545318574
    0.310667692    6.594151067  174.913431332
    0.314187231    7.232693324  190.718499691
    0.317706769    7.961548576  221.667659763
    0.321226308    8.789052931  243.102546168
    0.324745846    9.637412980  229.629627924
    0.328265385   10.372197044  182.024317097
    0.331784923   10.911464007  123.909323616
    0.335304462   11.279780376   90.731387554
    0.338824000   11.604836329   98.804471467
    0.342343538   12.012621369  131.911781028
    0.345863077   12.522259351  150.267710844
    0.349382615   13.015393234  118.694415817
    0.352902154   13.301084444   35.529768789
    0.356421692   13.250034670  -64.395525630
    0.359941231   12.888729877 -133.534570772
    0.363460769   12.389277584 -141.188402063
    0.366980308   11.963537923  -95.433663037
    0.370499846   11.741159447  -32.032226176
    0.374019385   11.717003218   10.616167848
    0.377538923   11.778430178   17.387844335
    0.381058462   11.807130959   -5.960156274
    0.384578000   11.732983341  -37.452885547
    0.388097538   11.557959494  -60.742866266
    0.391617077   11.320317939  -74.429534809
    0.395136615   11.039232069  -86.622746696
    0.398656154   10.704741769 -105.085384506
    0.402175692   10.299356362 -126.461706111
    0.405695231    9.826306385 -142.997063339
    0.409214769    9.310942124 -149.317337575
    0.412734308    8.785939388 -148.999926374
    0.416253846    8.270382592 -145.759038439
    0.419773385    7.770604861 -139.736402192
    0.423292923    7.295171426 -130.454645090
    0.426812462    6.854461755 -121.733034501
    0.430332000    6.444068713 -113.799347566
    0.433851538    6.060285100 -105.099261535
    0.437371077    5.710101170  -93.548621961
    0.440890615    5.406784724  -80.804268160
    0.444410154    5.142804787  -71.359198512
    0.447929692    4.899594911  -70.148816373
    0.451449231    4.651279980  -72.553912087
    0.454968769    4.399130087  -70.270345769
    0.458488308    4.171595136  -58.299884117
    0.462007846    3.998461959  -41.845499385
    0.465527385    3.879925101  -28.773701761
    0.469046923    3.791720681  -23.768778803
    0.472566462    3.710437830  -23.544669790
    0.476086000    3.629411096  -23.604474068
    0.479605538    3.549172718  -23.831775550
    0.483125077    3.462790385  -27.946553458
    0.486644615    3.355397798  -35.584742678
    0.490164154    3.223732359  -39.305811267
    0.493683692    3.094876391  -33.767499767
    0.497203231    3.000158840  -21.528238443
    0.500722769    2.943850966  -14.468081080
    0.504242308    2.888329512  -20.336290900
    0.507761846    2.794337193  -35.168245866
    0.511281385    2.656367388  -41.301513522
    0.514800923    2.532025059  -27.940221878
    0.518320462    2.482847792   -1.695576201
    0.521840000    2.519676671   18.661022176
    0.525359538    2.591952943   16.965072289
    0.528879077    2.625517195   -0.848647164
    0.532398615    2.597928550  -14.614842372
    0.535918154    2.555326748   -6.604740265
    0.539437692    2.582325711   22.541436589
    0.542957231    2.725944165   55.582213409
    0.546476769    2.955640213   68.955699437
    0.549996308    3.175677053   49.363171031
    0.553515846    3.278678733    5.703097359
    0.557035385    3.225736845  -34.962599352
    0.560554923    3.076837697  -45.017554991
    0.564074462    2.958293247  -18.178996982
    0.567594000    2.976776490   27.951370075
    0.571113538    3.153281443   67.534103051
    0.574633077    3.428008417   81.828281714
    0.578152615    3.705435776   70.330039540
    0.581672154    3.912237780   44.192472966
    0.585191692    4.020291989   15.130107765
    0.588711231    4.036303105   -5.253773854
    0.592230769    4.003318518  -12.588476097
    0.595750308    3.973374240   -2.364273908
    0.599269846    4.010640959   23.881270314
    0.602789385    4.163870374   63.115775848
    0.606308923    4.466413908  107.539726926
    0.609828462    4.920798428  147.201436858
    0.613348000    5.491581268  172.189511101
    0.616867538    6.111921499  174.556253864
    0.620387077    6.701118675  155.615992943
    0.623906615    7.204573052  128.606700416
    0.627426154    7.626912235  113.410777381
    0.630945692    8.043209606  127.879979527
    0.634465231    8.571619967  176.021597496
    0.637984769    9.316824857  247.686091850
    0.641504308   10.323236258  320.583412806
    0.645023846   11.553335656  372.358999742
    0.648543385   12.913076600  393.364605231
    0.652062923   14.307665351  395.573049855
    0.655582462   15.711165709  403.139305560
    0.659102000   17.183859199  436.762256304
    0.662621538   18.825942594  498.401856504
    0.666141077   20.703721077  565.064050024
    0.669660615   22.784245041  610.454224072
    0.673180154   24.967262321  622.963380206
    0.676699692   27.157078466  619.523021191
    0.680219231   29.349113346  629.009552980
    0.683738769   31.627379538  668.649466123
    0.687258308   34.085585094  727.358109900
    0.690777846   36.734323329  770.444336454
    0.694297385   39.456957359  765.721730127
    0.697816923   42.058838195  702.227622696
    0.701336462   44.351879836  592.745168074
    0.704856000   46.214634120  462.966874565
    0.708375538   47.617053464  334.764684234
    0.711895077   48.594329138  223.376358909
    0.715414615   49.222108968  136.140999974
    0.718934154   49.588000180   75.704398310
    0.722453692   49.782838557   37.468300948
    0.725973231   49.875368003   16.337254254
    0.729492769   49.914428116    6.123992363
    0.733012308   49.928066369    2.199052288
    0.736531846   49.932700071    0.690537796
    0.740051385   49.934543639   -0.000000000
    0.743570923   49.934543639   -0.000000000
    0.747090462   49.934543639   -0.000000000
    0.750610000   49.934543639   -0.000000000
