#! FIELDS dist file.free der_dist
#! SET min_dist 0.201562
#! SET max_dist 0.75061
#! SET nbins_dist  157
#! SET periodic_dist false
    0.201562000   49.074822880   -0.271967955
    0.205081538   49.071166274   -1.652450021
    0.208601077   49.058321182   -6.053633140
    0.212120615   49.017469821  -18.686545383
    0.215640154   48.902725858  -50.314384128
    0.219159692   48.617497226 -119.327774530
    0.222679231   47.988082413 -250.505664532
    0.226198769   46.750869111 -467.671017547
    0.229718308   44.583840593 -777.767077076
    0.233237846   41.194217075 -1154.791708326
    0.236757385   36.449750722 -1533.907594623
    0.240276923   30.499248439 -1824.647550840
    0.243796462   23.807935330 -1943.200965257
    0.247316000   17.074167828 -1846.637988485
    0.250835538   11.038720694 -1554.673923756
    0.254355077    6.269465716 -1143.540528554
    0.257874615    3.005159330 -717.008554977
    0.261394154    1.130444990 -365.855783987
    0.264913692    0.282900659 -136.827860865
    0.268433231    0.025155952  -26.537927832
    0.271952769    0.000000000    3.542622284
    0.275472308    0.015032778    4.615185208
    0.278991846    0.048424398   20.177233753
    0.282511385    0.200706602   72.457019268
    0.286030923    0.598928220  156.101429861
    0.289550462    1.305754381  241.546701450
    0.293070000    2.266500387  294.829305945
    0.296589538    3.331934805  300.558396438
    0.300109077    4.342298546  267.014693421
    0.303628615    5.200333099  219.266397578
    0.307148154    5.904373014  182.119583797
    0.310667692    6.523174476  173.033249389
    0.314187231    7.164104935  193.956244099
    0.317706769    7.911798720  228.808168593
    0.321226308    8.767238937  251.290521860
    0.324745846    9.641231140  235.537284216
    0.328265385   10.389214246  183.412071715
    0.331784923   10.924819189  120.650637595
    0.335304462   11.275965348   84.755239869
    0.338824000   11.579888161   93.408633478
    0.342343538   11.975804914  131.284565328
    0.345863077   12.497993753  158.712366418
    0.349382615   13.041788791  139.435748841
    0.352902154   13.423219232   68.907911319
    0.356421692   13.506780312  -22.280615639
    0.359941231   13.298702772  -89.913121143
    0.363460769   12.944308917 -103.361162255
    0.366980308   12.635842499  -66.629144465
    0.370499846   12.501998949   -9.637408110
    0.374019385   12.554550924   32.966247310
    0.377538923   12.703592722   45.471497746
    0.381058462   12.844288942   29.541617904
    0.384578000   12.904497024    2.645722014
    0.388097538   12.871633743  -20.896103894
    0.391617077   12.767361358  -39.033971674
    0.395136615   12.599353835  -57.953111049
    0.398656154   12.353110867  -83.601956164
    0.402175692   12.011251860 -111.647630759
    0.405695231   11.579850774 -133.880434802
    0.409214769   11.088617523 -144.307075231
    0.412734308   10.577514487 -145.562041490
    0.416253846   10.076177401 -140.538289508
    0.419773385    9.602589167 -129.672719263
    0.423292923    9.173351767 -114.184481669
    0.426812462    8.799463114 -100.195270602
    0.430332000    8.470125809  -89.772604849
    0.433851538    8.170196878  -81.890877826
    0.437371077    7.894545687  -75.062525856
    0.440890615    7.641731486  -71.258650467
    0.444410154    7.389180233  -74.904567080
    0.447929692    7.106510245  -89.098499728
    0.451449231    6.765735104 -105.395014627
    0.454968769    6.381237415 -111.316826724
    0.458488308    6.006876318  -99.109012944
    0.462007846    5.702572722  -74.434060899
    0.465527385    5.491352910  -48.356626922
    0.469046923    5.356901908  -30.881811579
    0.472566462    5.264882274  -23.596203519
    0.476086000    5.184664531  -24.241418512
    0.479605538    5.092217728  -30.502047174
    0.483125077    4.970841629  -40.510917617
    0.486644615    4.816697966  -48.154101247
    0.490164154    4.651964579  -44.224917150
    0.493683692    4.525906280  -26.943732409
    0.497203231    4.472797687   -5.649335539
    0.500722769    4.476501121    2.116197773
    0.504242308    4.466001567  -12.640277871
    0.507761846    4.373512432  -42.451679407
    0.511281385    4.182653853  -63.530273935
    0.514800923    3.961119392  -59.696228360
    0.518320462    3.794598671  -35.194716551
    0.521840000    3.720546550   -9.778707867
    0.525359538    3.707906507   -2.373347597
    0.528879077    3.691441446   -9.853313063
    0.532398615    3.649489161  -13.889253858
    0.535918154    3.624855776    2.711116094
    0.539437692    3.697762591   39.137436683
    0.542957231    3.909423841   77.277606079
    0.546476769    4.218692247   91.832730276
    0.549996308    4.513151539   67.863901699
    0.553515846    4.665513101   14.633053666
    0.557035385    4.622776993  -38.058843610
    0.560554923    4.443613034  -58.505939202
    0.564074462    4.266243498  -37.127522225
    0.567594000    4.216832279    9.315844860
    0.571113538    4.335418438   54.013029323
    0.574633077    4.576645187   76.832624455
    0.578152615    4.854906871   76.145257201
    0.581672154    5.102672960   61.721722614
    0.585191692    5.291277278   42.856279144
    0.588711231    5.416257072   27.919107538
    0.592230769    5.498839122   18.594772820
    0.595750308    5.563258474   19.028260612
    0.599269846    5.650732367   30.786017106
    0.602789385    5.803203544   56.489792771
    0.606308923    6.067846334   94.182683994
    0.609828462    6.477414689  136.822125861
    0.613348000    7.029471750  172.999424114
    0.616867538    7.677351412  189.321051503
    0.620387077    8.337724764  180.098458432
    0.623906615    8.930851781  153.322760960
    0.627426154    9.425180102  128.186250388
    0.630945692    9.866491775  127.098845919
    0.634465231   10.366758131  162.006859517
    0.637984769   11.052104739  229.708970612
    0.641504308   12.005159373  310.058364766
    0.645023846   13.223086348  376.760234476
    0.648543385   14.625356657  412.458071125
    0.652062923   16.101982197  421.325287003
    0.655582462   17.588930933  422.503699025
    0.659102000   19.098270300  436.199256666
    0.662621538   20.688413173  468.585155074
    0.666141077   22.407237104  505.512257555
    0.669660615   24.238826961  531.092322198
    0.673180154   26.132934161  541.666416358
    0.676699692   28.060981656  554.980453321
    0.680219231   30.074545185  593.321250353
    0.683738769   32.280775291  662.587271193
    0.687258308   34.755238030  740.226531922
    0.690777846   37.456527625  784.270404248
    0.694297385   40.201680600  762.148245699
    0.697816923   42.741281336  669.511893189
    0.701336462   44.865209003  530.455510433
    0.704856000   46.470738153  381.737305018
    0.708375538   47.577226111  250.788825545
    0.711895077   48.275903075  151.074483596
    0.715414615   48.682108381   83.148910436
    0.718934154   48.896736410   42.280107339
    0.722453692   49.002177104   19.223863939
    0.725973231   49.048859249    7.651895919
    0.729492769   49.067073860    2.624101550
    0.733012308   49.072850550    0.916388118
    0.736531846   49.074759790    0.279826125
    0.740051385   49.075492115   -0.000000000
    0.743570923   49.075492115   -0.000000000
    0.747090462   49.075492115   -0.000000000
    0.750610000   49.075492115   -0.000000000
