#! FIELDS dist file.free der_dist
#! SET min_dist 0.201562
#! SET max_dist 0.75061
#! SET nbins_dist  157
#! SET periodic_dist false
    0.201562000   38.638568763   -0.037668571
    0.205081538   38.637301910   -0.532582394
    0.208601077   38.632673121   -2.178753328
    0.212120615   38.616966139   -7.262557533
    0.215640154   38.570051986  -20.931436728
    0.219159692   38.446514068  -52.885020546
    0.222679231   38.157244239 -118.280401629
    0.226198769   37.550631694 -236.317863102
    0.229718308   36.411270613 -422.881821727
    0.233237846   34.489252324 -679.557103922
    0.236757385   31.570842075 -982.573234938
    0.240276923   27.579207419 -1278.510710329
    0.243796462   22.663682207 -1494.769404341
    0.247316000   17.231153755 -1563.045696336
    0.250835538   11.873964425 -1450.416157410
    0.254355077    7.209201505 -1178.168466089
    0.257874615    3.683527698 -818.030584634
    0.261394154    1.443785208 -462.316332190
    0.264913692    0.333281533 -185.893123163
    0.268433231    0.000000000  -22.270503704
    0.271952769    0.054594919   39.523502014
    0.275472308    0.207174014   41.948836638
    0.278991846    0.340824874   37.422442414
    0.282511385    0.508498245   65.175753880
    0.286030923    0.847489093  132.168979115
    0.289550462    1.457052628  212.591316020
    0.293070000    2.317339867  267.978199362
    0.296589538    3.295173221  278.269810381
    0.300109077    4.237734050  251.744612861
    0.303628615    5.061360150  216.310249779
    0.307148154    5.784823578  196.840677755
    0.310667692    6.484246745  203.015606048
    0.314187231    7.237237667  224.639874054
    0.317706769    8.060068444  237.467210493
    0.321226308    8.878119169  220.026366010
    0.324745846    9.569102442  165.324002250
    0.328265385   10.033054543   98.021814078
    0.331784923   10.294287087   56.485568966
    0.335304462   10.501728015   70.883763718
    0.338824000   10.856737977  135.199508862
    0.342343538   11.469865624  208.361232497
    0.345863077   12.277167389  238.683459173
    0.349382615   13.067085257  196.743111288
    0.352902154   13.597133267   96.883390424
    0.356421692   13.740699147  -13.239002010
    0.359941231   13.556278641  -82.102185256
    0.363460769   13.246361482  -84.103175062
    0.366980308   13.028960540  -34.702574556
    0.370499846   13.014693580   24.134842931
    0.374019385   13.163294711   50.946344613
    0.377538923   13.323848114   32.216430858
    0.381058462   13.353001101  -20.135188609
    0.384578000   13.181541867  -76.945207273
    0.388097538   12.836499020 -115.365086338
    0.391617077   12.399561537 -130.076495024
    0.395136615   11.944761475 -126.375519222
    0.398656154   11.524883314 -110.624364844
    0.402175692   11.181922331  -83.089846204
    0.405695231   10.953882699  -47.409123254
    0.409214769   10.850115265  -14.130452031
    0.412734308   10.833088583   -0.200507099
    0.416253846   10.819500537  -13.772398396
    0.419773385   10.716075000  -48.643979884
    0.423292923   10.466875291  -93.804151748
    0.426812462   10.056009308 -140.123703398
    0.430332000    9.497442460 -176.557398618
    0.433851538    8.844282067 -190.264767316
    0.437371077    8.196578475 -172.097081605
    0.440890615    7.670028087 -124.875568688
    0.444410154    7.334322273  -67.123901697
    0.447929692    7.182520218  -25.291061551
    0.451449231    7.126737740  -12.806694805
    0.454968769    7.065069243  -25.647787758
    0.458488308    6.936507664  -47.917413306
    0.462007846    6.736010568  -65.738432914
    0.465527385    6.492412891  -72.514499445
    0.469046923    6.241149788  -69.613640932
    0.472566462    6.011334364  -60.254042161
    0.476086000    5.822038397  -47.812492763
    0.479605538    5.680021298  -33.881835214
    0.483125077    5.589247619  -18.914635770
    0.486644615    5.557124107   -0.460121707
    0.490164154    5.598922457   24.224572681
    0.493683692    5.731706411   49.639518174
    0.497203231    5.937839693   62.895821905
    0.500722769    6.147824820   49.925902700
    0.504242308    6.261062476   10.421688846
    0.507761846    6.213577925  -38.035123886
    0.511281385    6.021966924  -65.951201313
    0.514800923    5.796132189  -57.902604425
    0.518320462    5.651697682  -23.486276371
    0.521840000    5.635037497   10.769246792
    0.525359538    5.703195484   22.210716589
    0.528879077    5.771242739   13.101924667
    0.532398615    5.799345706    2.564200616
    0.535918154    5.814913661    8.820331698
    0.539437692    5.885261478   31.447290128
    0.542957231    6.040814370   53.391464866
    0.546476769    6.239158810   53.980928762
    0.549996308    6.387193879   24.982127060
    0.553515846    6.399546500  -19.133312538
    0.557035385    6.273909863  -49.152785075
    0.560554923    6.105488048  -40.862550849
    0.564074462    6.033711835    3.784026484
    0.567594000    6.146353108   57.603406916
    0.571113538    6.416121094   88.681716086
    0.574633077    6.727512171   80.301376349
    0.578152615    6.951375692   42.562974380
    0.581672154    7.027503070    1.193971223
    0.585191692    6.987325190  -21.831985878
    0.588711231    6.913463130  -16.276137874
    0.592230769    6.898825802    8.941623773
    0.595750308    6.986311278   39.857832034
    0.599269846    7.171058557   61.051489025
    0.602789385    7.403600478   67.359501738
    0.606308923    7.636529477   63.087013123
    0.609828462    7.851042869   58.384372551
    0.613348000    8.062377424   62.297606297
    0.616867538    8.305315557   75.868429235
    0.620387077    8.608930600   96.463037423
    0.623906615    8.996683358  123.494205065
    0.627426154    9.496848523  161.866205467
    0.630945692   10.159722164  217.051442486
    0.634465231   11.043022454  285.030900761
    0.637984769   12.169010462  351.056500615
    0.641504308   13.491488445  393.734963065
    0.645023846   14.898953022  398.651412962
    0.648543385   16.264717778  372.579450915
    0.652062923   17.525971764  345.527569918
    0.655582462   18.744040011  353.614339614
    0.659102000   20.086150474  416.287670252
    0.662621538   21.732908231  523.431335800
    0.666141077   23.782240087  637.212184386
    0.669660615   26.181828522  716.650299775
    0.673180154   28.756985377  733.500104078
    0.676699692   31.270941326  683.642034793
    0.680219231   33.509182468  580.425600708
    0.683738769   35.326471756  448.376747327
    0.687258308   36.667521180  314.655783024
    0.690777846   37.565638728  199.254147503
    0.694297385   38.107688468  113.325916041
    0.697816923   38.401660892   57.417576330
    0.701336462   38.544619556   25.479559683
    0.704856000   38.604955810   10.178554868
    0.708375538   38.628180111    3.474817272
    0.711895077   38.635896311    0.999212453
    0.715414615   38.638659192   -0.000000000
    0.718934154   38.638659192   -0.000000000
    0.722453692   38.638659192   -0.000000000
    0.725973231   38.638659192   -0.000000000
    0.729492769   38.638659192   -0.000000000
    0.733012308   38.638659192   -0.000000000
    0.736531846   38.638659192   -0.000000000
    0.740051385   38.638659192   -0.000000000
    0.743570923   38.638659192   -0.000000000
    0.747090462   38.638659192   -0.000000000
    0.750610000   38.638659192   -0.000000000
