#! FIELDS dist file.free der_dist
#! SET min_dist 0.201562
#! SET max_dist 0.75061
#! SET nbins_dist  157
#! SET periodic_dist false
    0.201562000   53.411007905   -0.635542558
    0.205081538   53.404400645   -3.035392347
    0.208601077   53.382284890  -10.310753763
    0.212120615   53.315662284  -30.018545353
    0.215640154   53.137286941  -76.876531791
    0.219159692   52.713221225 -174.200193289
    0.222679231   51.816690062 -350.213452247
    0.226198769   50.127445966 -626.509552902
    0.229718308   47.290897770 -998.215603806
    0.233237846   43.040336690 -1418.450206486
    0.236757385   37.348898985 -1800.056441824
    0.240276923   30.533471699 -2041.397379132
    0.243796462   23.231616794 -2068.301988602
    0.247316000   16.243244127 -1867.016304360
    0.250835538   10.292443933 -1492.400317636
    0.254355077    5.822150699 -1044.349027668
    0.257874615    2.900484110 -628.303568855
    0.261394154    1.272411070 -317.177950041
    0.264913692    0.516098281 -132.333536191
    0.268433231    0.217367936  -50.700149902
    0.271952769    0.089533831  -27.077823038
    0.275472308    0.011236939  -15.877014769
    0.278991846    0.000000000   14.899241326
    0.282511385    0.155538338   78.067894495
    0.286030923    0.581663384  164.701989537
    0.289550462    1.316077256  247.922399581
    0.293070000    2.294224904  298.457653404
    0.296589538    3.371102415  303.826711309
    0.300109077    4.395052130  271.390332871
    0.303628615    5.267895653  222.533857338
    0.307148154    5.973361308  178.361647562
    0.310667692    6.556760781  155.517928188
    0.314187231    7.105624698  158.786995371
    0.317706769    7.701131023  178.363557856
    0.321226308    8.365634443  195.241460682
    0.324745846    9.053814073  188.424345358
    0.328265385    9.673078810  159.144958530
    0.331784923   10.175128353  126.020469262
    0.335304462   10.592974300  115.452035071
    0.338824000   11.030371849  135.473415572
    0.342343538   11.568812830  167.349452325
    0.345863077   12.187703111  176.223412218
    0.349382615   12.756441032  136.640081522
    0.352902154   13.105037731   55.175562411
    0.356421692   13.142352132  -32.588207097
    0.359941231   12.921296344  -85.906386015
    0.363460769   12.609722315  -83.902118996
    0.366980308   12.385624107  -40.408971058
    0.370499846   12.336535763    9.781372462
    0.374019385   12.428321487   34.160465601
    0.377538923   12.541208070   23.399802376
    0.381058462   12.565710731  -13.766119397
    0.384578000   12.445777419  -55.165739061
    0.388097538   12.196399625  -84.798817243
    0.391617077   11.868819277 -100.783379114
    0.395136615   11.498639936 -110.098944691
    0.398656154   11.095934017 -119.653878630
    0.402175692   10.662343568 -127.600493937
    0.405695231   10.210314021 -130.403030030
    0.409214769    9.756933188 -127.841483923
    0.412734308    9.311950548 -126.449536156
    0.416253846    8.867920036 -128.505835717
    0.419773385    8.416312234 -129.586957621
    0.423292923    7.968127715 -124.397746665
    0.426812462    7.549037643 -114.768048309
    0.430332000    7.170962364 -102.090846233
    0.433851538    6.838584206  -87.747839873
    0.437371077    6.556789251  -72.727865684
    0.440890615    6.327617013  -60.305015277
    0.444410154    6.129263426  -55.330754976
    0.447929692    5.930264808  -61.561986951
    0.451449231    5.697598072  -72.303851923
    0.454968769    5.433385445  -77.019108520
    0.458488308    5.173696293  -69.437217561
    0.462007846    4.957757566  -54.729651368
    0.465527385    4.793220414  -42.034098353
    0.469046923    4.658151623  -37.392744668
    0.472566462    4.527736086  -37.928642716
    0.476086000    4.395107790  -38.524038253
    0.479605538    4.263813521  -37.643814325
    0.483125077    4.134130392  -38.551616075
    0.486644615    3.997100014  -41.799895171
    0.490164154    3.850431536  -42.007948501
    0.493683692    3.715129011  -35.209175499
    0.497203231    3.614704027  -23.587367329
    0.500722769    3.550079379  -17.018916185
    0.504242308    3.488202820  -20.937915866
    0.507761846    3.400259321  -30.757201690
    0.511281385    3.289286994  -30.425876092
    0.514800923    3.213169390  -11.914254589
    0.518320462    3.224815889   16.144106409
    0.521840000    3.322959164   35.174759326
    0.525359538    3.448964357   30.764233008
    0.528879077    3.526673781   10.443376327
    0.532398615    3.534485558   -6.041163327
    0.535918154    3.515304757   -2.371111771
    0.539437692    3.546086984   20.034019272
    0.542957231    3.667688343   45.664990464
    0.546476769    3.853519909   54.696525772
    0.549996308    4.024928001   37.138205787
    0.553515846    4.098900307    2.227593427
    0.557035385    4.055137666  -26.200100173
    0.560554923    3.956516860  -26.062391461
    0.564074462    3.912981658    4.002098291
    0.567594000    4.002167835   44.332207017
    0.571113538    4.215037858   70.866354436
    0.574633077    4.474095325   69.516428207
    0.578152615    4.684554543   45.468846194
    0.581672154    4.792078131   13.930237722
    0.585191692    4.796198894  -12.446576724
    0.588711231    4.729160681  -24.261693352
    0.592230769    4.648404561  -20.771790302
    0.595750308    4.607626481   -0.806922987
    0.599269846    4.663485236   32.158761874
    0.602789385    4.852256137   74.351586441
    0.606308923    5.193972879  117.837657432
    0.609828462    5.677485814  152.853773216
    0.613348000    6.255167534  169.910135125
    0.616867538    6.850626446  162.564088156
    0.620387077    7.381216897  134.574861132
    0.623906615    7.799730029  102.046190618
    0.627426154    8.126621588   86.574525989
    0.630945692    8.455538217  105.597315056
    0.634465231    8.918630266  161.505578289
    0.637984769    9.629466887  242.851439202
    0.641504308   10.638816064  327.325393211
    0.645023846   11.915633162  392.274546406
    0.648543385   13.368130157  425.566466917
    0.652062923   14.889777129  434.025941332
    0.655582462   16.424578849  437.294605354
    0.659102000   17.993527626  455.670289608
    0.662621538   19.666226089  496.563265886
    0.666141077   21.504605107  545.600025851
    0.669660615   23.500519587  583.742471666
    0.673180154   25.595835739  601.820264205
    0.676699692   27.737048600  614.167534674
    0.680219231   29.946459279  644.557560161
    0.683738769   32.316837676  704.878070994
    0.687258308   34.934058068  780.502372393
    0.690777846   37.790625485  833.924129974
    0.694297385   40.741864390  830.251974353
    0.697816923   43.556109428  756.279787743
    0.701336462   46.005817387  626.551264626
    0.704856000   47.947912172  474.916337778
    0.708375538   49.368788561  335.829263885
    0.711895077   50.360051682  233.728437301
    0.715414615   51.068303230  173.529839194
    0.718934154   51.622989959  144.778584780
    0.722453692   52.102805681  127.434459207
    0.725973231   52.520916743  107.971576849
    0.729492769   52.859853372   82.755524587
    0.733012308   53.104066848   56.051204491
    0.736531846   53.259372555   32.906288967
    0.740051385   53.345323848   16.688914453
    0.743570923   53.386195883    7.484323751
    0.747090462   53.403456480    2.919567182
    0.750610000   53.409816020    0.993909830
