#! FIELDS dist file.free der_dist
#! SET min_dist 0.201562
#! SET max_dist 0.75061
#! SET nbins_dist  157
#! SET periodic_dist false
    0.201562000   50.645902621   -0.313088772
    0.205081538   50.641845188   -1.843408204
    0.208601077   50.627550509   -6.736241761
    0.212120615   50.582304064  -20.696398399
    0.215640154   50.455606091  -55.503299869
    0.219159692   50.141846353 -131.052466384
    0.222679231   49.452568341 -273.708946584
    0.226198769   48.105370241 -507.756029279
    0.229718308   45.762308166 -837.842526381
    0.233237846   42.128754507 -1232.238816420
    0.236757385   37.095110280 -1618.449631877
    0.240276923   30.857460522 -1900.445878080
    0.243796462   23.937727264 -1995.148922968
    0.247316000   17.075131643 -1867.655274191
    0.250835538   11.015120930 -1549.271465257
    0.254355077    6.292347224 -1125.128154579
    0.257874615    3.093156710 -700.631191531
    0.261394154    1.257222028 -361.076562158
    0.264913692    0.403333272 -144.675444511
    0.268433231    0.103441704  -41.353020745
    0.271952769    0.025261193  -10.591753557
    0.275472308    0.000000000   -3.625695181
    0.278991846    0.016584335   18.661505713
    0.282511385    0.171796120   74.888521511
    0.286030923    0.580292522  158.821518144
    0.289550462    1.293591821  242.267710467
    0.293070000    2.253252693  293.651184753
    0.296589538    3.314040470  299.482692912
    0.300109077    4.324052169  268.127538261
    0.303628615    5.190452433  222.677314127
    0.307148154    5.906853479  184.941711360
    0.310667692    6.527731035  170.536553913
    0.314187231    7.144382887  182.207117926
    0.317706769    7.833999467  207.926903932
    0.321226308    8.606819797  226.361283571
    0.324745846    9.397696076  214.551827118
    0.328265385   10.089695744  173.475347613
    0.331784923   10.614873046  124.666594601
    0.335304462   11.002142095  100.365193872
    0.338824000   11.372601998  114.304105917
    0.342343538   11.839712719  149.508058131
    0.345863077   12.411082872  167.495490483
    0.349382615   12.963512596  135.203878794
    0.352902154   13.307474586   52.291232839
    0.356421692   13.316868573  -46.819571431
    0.359941231   13.017860708 -115.964858080
    0.363460769   12.577671091 -125.417638145
    0.366980308   12.201979786  -82.988380598
    0.370499846   12.016744550  -23.421581755
    0.374019385   12.016565587   15.648713464
    0.377538923   12.089793074   18.956705580
    0.381058462   12.117366130   -8.295406970
    0.384578000   12.026698373  -44.694820428
    0.388097538   11.816343180  -73.686335721
    0.391617077   11.523240582  -92.847554407
    0.395136615   11.170162315 -108.713038733
    0.398656154   10.756401712 -127.391680031
    0.402175692   10.277955194 -145.078923943
    0.405695231    9.750146272 -155.240750342
    0.409214769    9.203553849 -154.998184765
    0.412734308    8.667422507 -150.182329685
    0.416253846    8.151514514 -145.236653573
    0.419773385    7.652958912 -139.866998902
    0.423292923    7.173782311 -132.582561033
    0.426812462    6.721426440 -126.228997763
    0.430332000    6.292105398 -119.828135736
    0.433851538    5.887424023 -110.460242118
    0.437371077    5.523925728  -95.305579148
    0.440890615    5.224056848  -76.948893441
    0.444410154    4.983077098  -62.539876042
    0.447929692    4.775089351  -59.715694566
    0.451449231    4.559861526  -64.928182037
    0.454968769    4.324419039  -68.778848857
    0.458488308    4.089396135  -64.035795865
    0.462007846    3.884592270  -53.849931976
    0.465527385    3.715956007  -44.836702328
    0.469046923    3.568022162  -41.215475852
    0.472566462    3.427119629  -39.491636314
    0.476086000    3.296690556  -35.363802768
    0.479605538    3.185550125  -29.492217824
    0.483125077    3.090770198  -27.269888593
    0.486644615    2.994627725  -30.328466507
    0.490164154    2.885164556  -32.487159697
    0.493683692    2.779185724  -27.881793092
    0.497203231    2.702548568  -17.029586927
    0.500722769    2.661966967   -9.644676596
    0.504242308    2.627868711  -12.610272332
    0.507761846    2.568868934  -22.920122165
    0.511281385    2.481684721  -24.945147657
    0.514800923    2.418883180   -9.904923117
    0.518320462    2.431222503   14.580279583
    0.521840000    2.517449492   29.955872686
    0.525359538    2.617950138   21.534287332
    0.528879077    2.656091646   -2.608588216
    0.532398615    2.614133910  -20.598274518
    0.535918154    2.546985195  -14.189644146
    0.539437692    2.547558765   15.333593395
    0.542957231    2.668147118   49.758080133
    0.546476769    2.880892461   65.241153915
    0.549996308    3.092837503   48.623575363
    0.553515846    3.199940595    8.861766549
    0.557035385    3.165731272  -27.539570701
    0.560554923    3.049520826  -34.099106548
    0.564074462    2.972938372   -5.628620256
    0.567594000    3.034904841   39.670823815
    0.571113538    3.247670874   76.048572352
    0.574633077    3.544255971   85.494386525
    0.578152615    3.825293080   68.702154298
    0.581672154    4.017966648   37.960288972
    0.585191692    4.098093585    5.788893740
    0.588711231    4.078695077  -15.677003058
    0.592230769    4.010927868  -21.495661800
    0.595750308    3.956582590   -6.905569465
    0.599269846    3.989031929   25.863224670
    0.602789385    4.160971962   71.506856205
    0.606308923    4.500207752  119.228850379
    0.609828462    4.994091370  156.998424556
    0.613348000    5.588439054  175.075766425
    0.616867538    6.202579977  168.038403028
    0.620387077    6.753512458  140.894725811
    0.623906615    7.196889173  110.043589587
    0.627426154    7.555717391   96.850579802
    0.630945692    7.925164900  118.530318840
    0.634465231    8.438370269  176.999583359
    0.637984769    9.206360962  259.483733400
    0.641504308   10.270600226  341.074917709
    0.645023846   11.582349142  397.404892185
    0.648543385   13.030354343  417.513198034
    0.652062923   14.500327205  413.431209698
    0.655582462   15.949769994  411.024749836
    0.659102000   17.431311762  434.074212280
    0.662621538   19.048812490  487.762750466
    0.666141077   20.881808434  551.006419388
    0.669660615   22.913384957  597.154757045
    0.673180154   25.054022345  612.163122411
    0.676699692   27.208533579  609.732370485
    0.680219231   29.363138548  616.969250455
    0.683738769   31.591546530  652.215166749
    0.687258308   33.986728380  708.770340890
    0.690777846   36.576377999  756.985278924
    0.694297385   39.274522330  766.702883423
    0.697816923   41.914856574  723.491361444
    0.701336462   44.317139950  632.588875103
    0.704856000   46.340633562  512.628480501
    0.708375538   47.918777079  383.052207915
    0.711895077   49.050937095  262.141387552
    0.715414615   49.793248958  162.400094942
    0.718934154   50.231277448   90.925450192
    0.722453692   50.465282811   45.060815453
    0.725973231   50.576155070   19.637325568
    0.729492769   50.622728348    7.372706889
    0.733012308   50.639053306    2.611643290
    0.736531846   50.644828779    0.690537796
    0.740051385   50.646672347   -0.000000000
    0.743570923   50.646672347   -0.000000000
    0.747090462   50.646672347   -0.000000000
    0.750610000   50.646672347   -0.000000000
