#! FIELDS dist file.free der_dist
#! SET min_dist 0.201562
#! SET max_dist 0.75061
#! SET nbins_dist  157
#! SET periodic_dist false
    0.201562000   57.685244283   -0.868764096
    0.205081538   57.676548391   -3.989959671
    0.208601077   57.648072488  -13.229000195
    0.212120615   57.563804826  -37.774289511
    0.215640154   57.341825481  -95.092753180
    0.219159692   56.822270032 -212.024307101
    0.222679231   55.740829350 -419.492134589
    0.226198769   53.735688715 -738.103284536
    0.229718308   50.425152383 -1155.445929413
    0.233237846   45.554185643 -1610.549775884
    0.236757385   39.161989612 -2000.693180510
    0.240276923   31.675972494 -2216.036132341
    0.243796462   23.849222703 -2188.442735626
    0.247316000   16.550943783 -1923.384835461
    0.250835538   10.497068360 -1498.344420221
    0.254355077    6.055443800 -1026.950977079
    0.257874615    3.196479175 -613.572974069
    0.261394154    1.592877847 -318.983284189
    0.264913692    0.799701833 -150.433854831
    0.268433231    0.420758721  -76.406096981
    0.271952769    0.203438079  -50.828129749
    0.275472308    0.053824013  -32.124187858
    0.278991846    0.000000000    6.473357288
    0.282511385    0.135283993   74.056995942
    0.286030923    0.547872693  159.787424027
    0.289550462    1.256924733  237.658400408
    0.293070000    2.186530924  281.067996962
    0.296589538    3.192460491  281.592454761
    0.300109077    4.138149171  250.138927457
    0.303628615    4.948659615  209.400729838
    0.307148154    5.630655987  178.595910498
    0.310667692    6.241301791  170.500605176
    0.314187231    6.865559562  185.725252707
    0.317706769    7.569141247  211.637796941
    0.321226308    8.352170634  228.053673230
    0.324745846    9.146187530  214.670104114
    0.328265385    9.839717098  174.427347639
    0.331784923   10.373143129  128.274678798
    0.335304462   10.776892833  105.367638274
    0.338824000   11.162026993  116.544283053
    0.342343538   11.626955776  145.489534405
    0.345863077   12.175100047  159.005808841
    0.349382615   12.703127168  131.683394436
    0.352902154   13.064556975   67.821639554
    0.356421692   13.179412790   -1.766886043
    0.359941231   13.092163213  -42.188558939
    0.363460769   12.942885858  -37.401803695
    0.366980308   12.871327728   -2.007624944
    0.370499846   12.932186447   33.099075352
    0.374019385   13.077889530   41.770895802
    0.377538923   13.196177186   19.630288834
    0.381058462   13.195148706  -24.002442570
    0.384578000   13.031374281  -70.067266474
    0.388097538   12.719632287 -105.852501469
    0.391617077   12.304566945 -129.707794630
    0.395136615   11.820969799 -145.129887929
    0.398656154   11.293147190 -154.571596297
    0.402175692   10.749154924 -154.255173746
    0.405695231   10.227858401 -142.498700919
    0.409214769    9.761078978 -123.568611847
    0.412734308    9.356820803 -108.349106400
    0.416253846    8.993747203 -101.692233822
    0.419773385    8.643803600  -99.710107815
    0.423292923    8.298098163  -97.103670698
    0.426812462    7.962334711  -95.799204151
    0.430332000    7.628648495  -96.680167167
    0.433851538    7.286761237  -98.755684753
    0.437371077    6.939652744  -98.214544294
    0.440890615    6.605894700  -92.829895020
    0.444410154    6.295833516  -84.861444033
    0.447929692    6.010750016  -80.193252837
    0.451449231    5.735549425  -78.279370272
    0.454968769    5.466995968  -74.757770821
    0.458488308    5.219248792  -66.258521519
    0.462007846    5.007375622  -56.387516710
    0.465527385    4.826125901  -49.764754673
    0.469046923    4.657629932  -47.954051345
    0.472566462    4.493462984  -45.696636935
    0.476086000    4.345710622  -38.965687832
    0.479605538    4.227867194  -29.852628178
    0.483125077    4.135792470  -26.016938494
    0.486644615    4.043035567  -30.417994642
    0.490164154    3.926674722  -36.931617904
    0.493683692    3.795142061  -38.237155230
    0.497203231    3.672914013  -32.412578125
    0.500722769    3.573894387  -27.049153501
    0.504242308    3.480705512  -28.442786106
    0.507761846    3.372371282  -35.176303406
    0.511281385    3.247951568  -34.270425620
    0.514800923    3.155101490  -18.078638883
    0.518320462    3.140783892    7.688071381
    0.521840000    3.209720838   27.529554107
    0.525359538    3.315747537   27.290346553
    0.528879077    3.389557885   11.208228864
    0.532398615    3.402538123   -4.807201833
    0.535918154    3.382186917   -4.905591676
    0.539437692    3.396116400   13.206745576
    0.542957231    3.492389625   39.011543021
    0.546476769    3.665241835   54.827256689
    0.549996308    3.855945380   48.037233903
    0.553515846    3.986199806   22.451652165
    0.557035385    4.021480017   -2.854459896
    0.560554923    3.999783727   -6.869234206
    0.564074462    4.009659101   14.627410034
    0.567594000    4.121291247   46.677604542
    0.571113538    4.333725517   68.961902014
    0.574633077    4.586508798   68.636862830
    0.578152615    4.802167511   49.659421512
    0.581672154    4.935837897   24.355254624
    0.585191692    4.984875437    1.790513172
    0.588711231    4.967146896  -11.719805672
    0.592230769    4.917812188  -16.730562614
    0.595750308    4.868749201  -10.275809258
    0.599269846    4.866079776    8.604578933
    0.602789385    4.953345854   41.225510663
    0.606308923    5.173559465   83.253306658
    0.609828462    5.545867922  125.441571064
    0.613348000    6.049699369  155.974294982
    0.616867538    6.625001420  165.100657156
    0.620387077    7.193623605  153.220011019
    0.623906615    7.702538211  133.962959079
    0.627426154    8.158395592  126.869431895
    0.630945692    8.634598259  147.544345993
    0.634465231    9.237117468  197.435328036
    0.637984769   10.053354612  265.754644048
    0.641504308   11.114284059  333.319216966
    0.645023846   12.383325464  382.279433284
    0.648543385   13.780402062  405.101149827
    0.652062923   15.223793044  411.308479739
    0.655582462   16.686483997  419.796638599
    0.659102000   18.209862369  447.486854074
    0.662621538   19.869238340  496.566238093
    0.666141077   21.715067148  548.438573238
    0.669660615   23.715020411  581.668920706
    0.673180154   25.783863118  587.735309043
    0.676699692   27.848217999  584.158889789
    0.680219231   29.924340719  599.191392267
    0.683738769   32.115044961  649.191684357
    0.687258308   34.532059459  724.326400243
    0.690777846   37.212488791  793.110437823
    0.694297385   40.079054749  826.681004641
    0.697816923   42.981709109  813.461565583
    0.701336462   45.762835295  758.409966728
    0.704856000   48.294959480  675.087924088
    0.708375538   50.501266381  575.561966339
    0.711895077   52.346657470  472.378587512
    0.715414615   53.838826103  375.415445060
    0.718934154   55.010053634  291.684172657
    0.722453692   55.909260912  220.031185290
    0.725973231   56.575491797  158.756642763
    0.729492769   57.042752998  106.994912274
    0.733012308   57.344738464   66.215074900
    0.736531846   57.523121253   36.576695911
    0.740051385   57.617003161   17.843670794
    0.743570923   57.661052076    7.484323751
    0.747090462   57.678312673    2.919567182
    0.750610000   57.684672214    0.993909830
