#! FIELDS dist file.free der_dist
#! SET min_dist 0.201562
#! SET max_dist 0.75061
#! SET nbins_dist  157
#! SET periodic_dist false
    0.201562000   55.462378172   -0.689126276
    0.205081538   55.455257707   -3.271483863
    0.208601077   55.431489983  -11.074747601
    0.212120615   55.360124227  -32.131325693
    0.215640154   55.169610558  -82.020266488
    0.219159692   54.718014356 -185.267277312
    0.222679231   53.766267754 -371.233794094
    0.226198769   51.979166132 -661.713772825
    0.229718308   48.989535395 -1050.130048278
    0.233237846   44.528128014 -1485.683525103
    0.236757385   38.581664751 -1876.304400420
    0.240276923   31.495984528 -2116.972579647
    0.243796462   23.943445822 -2133.853736260
    0.247316000   16.750416509 -1917.359991242
    0.250835538   10.649287400 -1527.928245706
    0.254355077    6.074173613 -1069.195611912
    0.257874615    3.076911957 -647.046300274
    0.261394154    1.389214124 -332.531733234
    0.264913692    0.583745749 -144.845737002
    0.268433231    0.246750090  -59.779077392
    0.271952769    0.094058788  -32.008284468
    0.275472308    0.006107104  -16.418848722
    0.278991846    0.000000000   18.026548959
    0.282511385    0.170268196   82.841582834
    0.286030923    0.611171232  167.538536117
    0.289550462    1.346634642  245.073475714
    0.293070000    2.301087364  287.640181689
    0.296589538    3.326615298  285.861143306
    0.300109077    4.280346428  250.186297698
    0.303628615    5.081242605  203.745268038
    0.307148154    5.732890510  167.241295114
    0.310667692    6.295714441  155.188914606
    0.314187231    6.863341440  169.502862160
    0.317706769    7.513008077  197.796990081
    0.321226308    8.255533047  219.310255712
    0.324745846    9.030088828  212.582227254
    0.328265385    9.728227634  179.089356478
    0.331784923   10.287539309  137.973897467
    0.335304462   10.729437365  116.843492665
    0.338824000   11.152451964  126.087406708
    0.342343538   11.643486430  150.594235870
    0.345863077   12.200194684  158.858389849
    0.349382615   12.718604599  126.522607624
    0.352902154   13.053404045   57.979870844
    0.356421692   13.125774796  -15.923707890
    0.359941231   12.982771063  -59.257332987
    0.363460769   12.772313167  -54.452684381
    0.366980308   12.646183498  -15.313234831
    0.370499846   12.670780872   26.036961691
    0.374019385   12.802695992   40.770142582
    0.377538923   12.924570483   22.278926399
    0.381058462   12.935352311  -20.047943647
    0.384578000   12.787532994  -64.489209578
    0.388097538   12.503482132  -94.763691537
    0.391617077   12.145203958 -107.599341072
    0.395136615   11.763956916 -108.900256449
    0.398656154   11.385236780 -107.077914332
    0.402175692   11.015237851 -104.719326528
    0.405695231   10.653566174 -103.311387603
    0.409214769   10.291004541 -104.677977168
    0.412734308    9.911541960 -112.957971229
    0.416253846    9.496072708 -125.580990097
    0.419773385    9.040697944 -134.005553118
    0.423292923    8.569925649 -132.382013240
    0.426812462    8.118821405 -125.105663767
    0.430332000    7.697887291 -116.612188227
    0.433851538    7.303126884 -109.022757740
    0.437371077    6.934207855 -100.764450872
    0.440890615    6.600267111  -90.931546928
    0.444410154    6.299535075  -81.770700020
    0.447929692    6.023983456  -77.942514353
    0.451449231    5.754980703  -76.628475162
    0.454968769    5.493935156  -71.564960149
    0.458488308    5.264436664  -58.487286503
    0.462007846    5.091558102  -41.674847873
    0.465527385    4.975084500  -27.776516782
    0.469046923    4.893652542  -21.030171153
    0.472566462    4.826299017  -18.377479134
    0.476086000    4.767845680  -16.172050677
    0.479605538    4.717358860  -14.593514683
    0.483125077    4.665585262  -17.971891018
    0.486644615    4.592063569  -26.894726834
    0.490164154    4.484471199  -35.082916309
    0.493683692    4.358032128  -37.203791078
    0.497203231    4.235749178  -33.801762628
    0.500722769    4.123806765  -33.268463188
    0.504242308    3.998718803  -40.130342793
    0.507761846    3.842801266  -49.793241372
    0.511281385    3.668737820  -46.928852507
    0.514800923    3.541395810  -24.417576142
    0.518320462    3.517690398    8.620879970
    0.521840000    3.598506105   32.707367271
    0.525359538    3.722831588   31.789939497
    0.528879077    3.805091519   11.163140743
    0.532398615    3.807345236  -10.828252449
    0.535918154    3.755247513  -16.772878181
    0.539437692    3.717137827   -4.440844016
    0.542957231    3.740495207   15.335170061
    0.546476769    3.819950098   25.836152872
    0.549996308    3.903447891   16.988366786
    0.553515846    3.928493574   -5.180321374
    0.557035385    3.880952448  -21.423286086
    0.560554923    3.814882257  -13.263339629
    0.564074462    3.822991441   19.674254824
    0.567594000    3.966787887   59.191251488
    0.571113538    4.228740764   83.878372337
    0.574633077    4.531674989   81.701053964
    0.578152615    4.786063212   58.429893950
    0.581672154    4.941720865   28.234239004
    0.585191692    4.997117024    1.964473684
    0.588711231    4.977259414  -12.461836488
    0.592230769    4.929111693  -14.627848300
    0.595750308    4.897239323   -2.158966059
    0.599269846    4.935492006   23.730226386
    0.602789385    5.086228741   61.746457511
    0.606308923    5.383281351  105.855592391
    0.609828462    5.833479342  146.665090073
    0.613348000    6.405706549  173.392106767
    0.616867538    7.033360777  177.392446451
    0.620387077    7.635101955  159.746927132
    0.623906615    8.156238250  134.446140618
    0.627426154    8.603183491  121.455002419
    0.630945692    9.051017236  137.159278260
    0.634465231    9.610913707  183.980515762
    0.637984769   10.378051371  251.847782375
    0.641504308   11.393133511  321.695988926
    0.645023846   12.628814430  375.400882562
    0.648543385   14.012803283  404.927316229
    0.652062923   15.469049083  419.012313679
    0.655582462   16.972596285  435.236622860
    0.659102000   18.560716692  468.240978653
    0.662621538   20.295653926  517.911639724
    0.666141077   22.209406221  565.040317638
    0.669660615   24.254349656  590.620808251
    0.673180154   26.342680616  590.566101062
    0.676699692   28.413289712  585.952752953
    0.680219231   30.501260753  604.763240697
    0.683738769   32.719577768  658.972917900
    0.687258308   35.170188068  732.227613670
    0.690777846   37.858590098  787.623173130
    0.694297385   40.662834110  794.926001026
    0.697816923   43.393062285  746.450173268
    0.701336462   45.874710746  656.252103987
    0.704856000   47.999726309  548.629970188
    0.708375538   49.744412425  443.163322058
    0.711895077   51.141625499  353.020251311
    0.715414615   52.256459116  281.954722297
    0.718934154   53.150670331  227.702142606
    0.722453692   53.871471806  181.673185586
    0.725973231   54.436750169  138.599811972
    0.729492769   54.853690973   97.742510344
    0.733012308   55.133899088   62.422915839
    0.736531846   55.303634444   35.288160890
    0.740051385   55.394688767   17.468105981
    0.743570923   55.437704943    7.484323751
    0.747090462   55.454965540    2.919567182
    0.750610000   55.461325080    0.993909830
