#! FIELDS dist file.free der_dist
#! SET min_dist 0.201562
#! SET max_dist 0.75061
#! SET nbins_dist  157
#! SET periodic_dist false
    0.201562000   31.440277709   -0.000000000
    0.205081538   31.439819691   -0.182582850
    0.208601077   31.438119556   -0.799536446
    0.212120615   31.431785746   -2.927086132
    0.215640154   31.411774399   -9.036272825
    0.219159692   31.356157800  -24.288564110
    0.222679231   31.218293754  -57.800321215
    0.226198769   30.910472073 -123.387303026
    0.229718308   30.292150494 -236.819026135
    0.233237846   29.172386834 -409.409047512
    0.236757385   27.342592568 -637.909755162
    0.240276923   24.647233771 -894.529149198
    0.243796462   21.073496998 -1126.353065599
    0.247316000   16.824180922 -1267.915910841
    0.250835538   12.314014693 -1268.542796310
    0.254355077    8.073427295 -1117.336945801
    0.257874615    4.582690341 -852.574056461
    0.261394154    2.120110076 -546.157230671
    0.264913692    0.697430457 -272.802229810
    0.268433231    0.099512323  -82.871422309
    0.271952769    0.000000000   11.811918900
    0.275472308    0.099787741   37.120776483
    0.278991846    0.235154842   41.013162124
    0.282511385    0.415993980   68.486109725
    0.286030923    0.764546018  135.126422330
    0.289550462    1.390770800  220.559284172
    0.293070000    2.295796138  286.204860219
    0.296589538    3.357782388  308.320677647
    0.300109077    4.422024883  290.280774081
    0.303628615    5.387001934  256.885724164
    0.307148154    6.245851508  232.370938217
    0.310667692    7.054031572  229.192235358
    0.314187231    7.884693356  244.006576806
    0.317706769    8.777023839  260.093611353
    0.321226308    9.698558708  258.362453312
    0.324745846   10.562502602  225.497916520
    0.328265385   11.267803417  172.773555030
    0.331784923   11.787962505  124.749901293
    0.335304462   12.184162133  105.462935711
    0.338824000   12.567646632  115.029140183
    0.342343538   13.004432920  129.908829045
    0.345863077   13.460756880  123.260373653
    0.349382615   13.837244912   85.245498503
    0.352902154   14.046446277   32.794558057
    0.356421692   14.087869573   -5.332777907
    0.359941231   14.052369800   -9.205683375
    0.363460769   14.064677734   19.027231950
    0.366980308   14.198307748   55.172442568
    0.370499846   14.427290704   69.076179390
    0.374019385   14.637925298   42.612051446
    0.377538923   14.690389907  -17.218371799
    0.381058462   14.507816742  -86.396575481
    0.384578000   14.108770876 -136.084334478
    0.388097538   13.589135635 -154.214269832
    0.391617077   13.049230801 -151.208806000
    0.395136615   12.526779787 -147.386020414
    0.398656154   11.998843286 -154.408011847
    0.402175692   11.436975890 -164.632298679
    0.405695231   10.855742475 -163.788754036
    0.409214769   10.307831302 -145.533047226
    0.412734308    9.841705518 -119.477032371
    0.416253846    9.461437377  -99.823067316
    0.419773385    9.126299923  -93.727766130
    0.423292923    8.786873621 -100.819516430
    0.426812462    8.407407656 -116.161425948
    0.430332000    7.975399966 -129.575162490
    0.433851538    7.514787983 -129.275026314
    0.437371077    7.088716008 -109.335648055
    0.440890615    6.764117431  -74.704402599
    0.444410154    6.562216513  -42.744539131
    0.447929692    6.439435414  -33.394492629
    0.451449231    6.298545549  -51.695462779
    0.454968769    6.058502138  -86.029735333
    0.458488308    5.700728300 -114.998349468
    0.462007846    5.275895906 -123.299011500
    0.465527385    4.866221892 -107.404331966
    0.469046923    4.541785390  -76.177698125
    0.472566462    4.332901117  -43.466536138
    0.476086000    4.221974212  -23.040927104
    0.479605538    4.150583644  -21.727778172
    0.483125077    4.054346537  -35.693153218
    0.486644615    3.904888621  -48.857947258
    0.490164154    3.738975713  -41.689466278
    0.493683692    3.644366761   -9.269925768
    0.497203231    3.685875145   30.756831859
    0.500722769    3.835690263   46.755421732
    0.504242308    3.966235022   19.605997056
    0.507761846    3.937317521  -39.913500871
    0.511281385    3.696208187  -92.935060563
    0.514800923    3.335582648 -104.888506239
    0.518320462    3.018100339  -70.861618114
    0.521840000    2.865191077  -16.345941893
    0.525359538    2.888338619   24.198349956
    0.528879077    3.006536533   37.827567822
    0.532398615    3.138848920   34.470416883
    0.535918154    3.256964280   33.388314291
    0.539437692    3.389077385   41.570565479
    0.542957231    3.554542997   49.431168844
    0.546476769    3.718389753   39.008921676
    0.549996308    3.796232382    0.440330799
    0.553515846    3.703383358  -54.496582673
    0.557035385    3.432451863  -96.327736548
    0.560554923    3.080930736  -96.587249522
    0.564074462    2.810833901  -51.036799453
    0.567594000    2.753009757   18.249558501
    0.571113538    2.933487524   79.653307991
    0.574633077    3.280624131  110.719339995
    0.578152615    3.681942967  112.279027869
    0.581672154    4.060465362  101.580804421
    0.585191692    4.407081333   95.195127009
    0.588711231    4.749499998  100.302205329
    0.592230769    5.116127994  105.909563377
    0.595750308    5.479996556   96.843031577
    0.599269846    5.769846991   62.007513141
    0.602789385    5.898004826    7.699414101
    0.606308923    5.828032242  -46.139696095
    0.609828462    5.604665227  -76.291254303
    0.613348000    5.338960754  -69.513472116
    0.616867538    5.158693842  -29.704056080
    0.620387077    5.157514237   30.089921036
    0.623906615    5.384919378   98.661993667
    0.627426154    5.862847450  172.747291472
    0.630945692    6.611775320  253.220715428
    0.634465231    7.648579938  334.122291825
    0.637984769    8.952158013  401.624456650
    0.641504308   10.444064849  439.378165798
    0.645023846   12.003388039  440.374779800
    0.648543385   13.517522924  416.559831980
    0.652062923   14.944521583  395.977056622
    0.655582462   16.346118336  405.914202634
    0.659102000   17.854087750  455.155046364
    0.662621538   19.583209139  527.817657979
    0.666141077   21.558459897  588.422922636
    0.669660615   23.675934338  604.817878777
    0.673180154   25.749025931  561.898033919
    0.676699692   27.577514420  469.786501939
    0.680219231   29.028735257  352.403480317
    0.683738769   30.063389518  236.782221411
    0.687258308   30.724068263  142.677089588
    0.690777846   31.103054584   76.669753007
    0.694297385   31.296885431   36.801302365
    0.697816923   31.385903870   15.542328849
    0.701336462   31.422783860    5.453350378
    0.704856000   31.434774320    1.901254813
    0.708375538   31.439076622    0.443566008
    0.711895077   31.440277709   -0.000000000
    0.715414615   31.440277709   -0.000000000
    0.718934154   31.440277709   -0.000000000
    0.722453692   31.440277709   -0.000000000
    0.725973231   31.440277709   -0.000000000
    0.729492769   31.440277709   -0.000000000
    0.733012308   31.440277709   -0.000000000
    0.736531846   31.440277709   -0.000000000
    0.740051385   31.440277709   -0.000000000
    0.743570923   31.440277709   -0.000000000
    0.747090462   31.440277709   -0.000000000
    0.750610000   31.440277709   -0.000000000
