#! FIELDS dist file.free der_dist
#! SET min_dist 0.201562
#! SET max_dist 0.75061
#! SET nbins_dist  157
#! SET periodic_dist false
    0.201562000   53.411007905   -0.635542558
    0.205081538   53.404400645   -3.035392347
    0.208601077   53.382284890  -10.310753763
    0.212120615   53.315662284  -30.018545353
    0.215640154   53.137286941  -76.876531791
    0.219159692   52.713221225 -174.200193289
    0.222679231   51.816690062 -350.213452247
    0.226198769   50.127445966 -626.509552902
    0.229718308   47.290897770 -998.215603806
    0.233237846   43.040336690 -1418.450206486
    0.236757385   37.348898985 -1800.056441824
    0.240276923   30.533471699 -2041.397379132
    0.243796462   23.231616794 -2068.301988602
    0.247316000   16.243244127 -1867.016304360
    0.250835538   10.292443933 -1492.400317636
    0.254355077    5.822150699 -1044.349027668
    0.257874615    2.900484110 -628.303568855
    0.261394154    1.272411070 -317.177950041
    0.264913692    0.516098281 -132.333536191
    0.268433231    0.217367936  -50.700149902
    0.271952769    0.089533831  -27.077823038
    0.275472308    0.011236939  -15.877014769
    0.278991846    0.000000000   14.899241326
    0.282511385    0.155538338   78.067894495
    0.286030923    0.581663384  164.701989537
    0.289550462    1.316077256  247.922399581
    0.293070000    2.294224904  298.457653404
    0.296589538    3.371102415  303.826711309
    0.300109077    4.395052130  271.390332871
    0.303628615    5.267895653  222.533857338
    0.307148154    5.973361308  178.361647562
    0.310667692    6.556760781  155.517928188
    0.314187231    7.105624698  158.786995371
    0.317706769    7.701131023  178.363557856
    0.321226308    8.365634443  195.241460682
    0.324745846    9.053814073  188.424345358
    0.328265385    9.673078810  159.144958530
    0.331784923   10.175128353  126.020469262
    0.335304462   10.592974300  115.452035071
    0.338824000   11.030371849  135.473415572
    0.342343538   11.568812830  167.349452325
    0.345863077   12.187703111  176.223412218
    0.349382615   12.756441032  136.640081522
    0.352902154   13.105037731   55.175562411
    0.356421692   13.142352132  -32.588207097
    0.359941231   12.921296344  -85.906386015
    0.363460769   12.609722315  -83.902118996
    0.366980308   12.385624107  -40.408971058
    0.370499846   12.336535763    9.781372462
    0.374019385   12.428321487   34.160465601
    0.377538923   12.541208070   23.399802376
    0.381058462   12.565710731  -13.766119397
    0.384578000   12.445777419  -55.165739061
    0.388097538   12.196399625  -84.798817243
    0.391617077   11.868819277 -100.783379114
    0.395136615   11.498639936 -110.098944691
    0.398656154   11.095934017 -119.653878630
    0.402175692   10.662343568 -127.600493937
    0.405695231   10.210314021 -130.403030030
    0.409214769    9.756933188 -127.841483923
    0.412734308    9.311950548 -126.449536156
    0.416253846    8.867920036 -128.505835717
    0.419773385    8.416312234 -129.586957621
    0.423292923    7.968127715 -124.397746665
    0.426812462    7.549037643 -114.768048309
    0.430332000    7.170962364 -102.090846233
    0.433851538    6.838584206  -87.747839873
    0.437371077    6.556789251  -72.727865684
    0.440890615    6.327617013  -60.305015277
    0.444410154    6.129263426  -55.330754976
    0.447929692    5.930264808  -61.561986951
    0.451449231    5.697598072  -72.303851923
    0.454968769    5.433385445  -77.019108520
    0.458488308    5.173705536  -69.433508552
    0.462007846    4.957804265  -54.712218272
    0.465527385    4.793392299  -41.975334448
    0.469046923    4.658691041  -37.226581631
    0.472566462    4.529247026  -37.513074356
    0.476086000    4.398860054  -37.616295005
    0.479605538    4.272111926  -35.907963378
    0.483125077    4.150498571  -35.655896895
    0.486644615    4.025948104  -37.610277462
    0.490164154    3.895979724  -36.799373271
    0.493683692    3.779728513  -29.757410813
    0.497203231    3.697322328  -18.990639277
    0.500722769    3.645822928  -14.295469652
    0.504242308    3.589385818  -20.596797074
    0.507761846    3.498651948  -32.591820205
    0.511281385    3.378501308  -33.644086715
    0.514800923    3.290103559  -15.516832336
    0.518320462    3.289598433   12.935782032
    0.521840000    3.377670778   32.669773182
    0.525359538    3.495952458   28.834768712
    0.528879077    3.567448319    8.798015999
    0.532398615    3.569722785   -7.541729120
    0.535918154    3.545692498   -3.582211963
    0.539437692    3.573144726   19.405061368
    0.542957231    3.693802350   45.762122215
    0.546476769    3.880998196   55.317496537
    0.549996308    4.054780285   37.767800378
    0.553515846    4.130140584    2.315926521
    0.557035385    4.085247996  -26.948098401
    0.560554923    3.982630220  -27.535673794
    0.564074462    3.933218842    2.219085700
    0.567594000    4.016313417   42.729674014
    0.571113538    4.224432344   69.821422450
    0.574633077    4.481104847   69.226398726
    0.578152615    4.691971517   45.989091107
    0.581672154    4.802662878   15.185279535
    0.585191692    4.812168239  -10.698437508
    0.588711231    4.751538091  -22.454822082
    0.592230769    4.676443248  -19.452322761
    0.595750308    4.638744404   -0.423770977
    0.599269846    4.694029714   31.459828456
    0.602789385    4.878744683   72.813188262
    0.606308923    5.214267774  115.944686640
    0.609828462    5.691223664  151.088890338
    0.613348000    6.263402415  168.573237247
    0.616867538    6.855042460  161.728762343
    0.620387077    7.383504782  134.188733730
    0.623906615    7.801371107  102.064414606
    0.627426154    8.129117745   87.066671141
    0.630945692    8.460905736  106.784769973
    0.634465231    8.929966335  163.740273189
    0.637984769    9.650916478  246.401184896
    0.641504308   10.675155820  332.215887031
    0.645023846   11.971203070  398.256640300
    0.648543385   13.446277105  432.403095958
    0.652062923   14.993808189  442.015585139
    0.655582462   16.560245603  447.507192872
    0.659102000   18.170917684  469.306657312
    0.662621538   19.897769865  513.480518983
    0.666141077   21.797834696  563.043159932
    0.669660615   23.848831889  596.666481462
    0.673180154   25.973986675  605.173001549
    0.676699692   28.106360856  605.783430015
    0.680219231   30.268111918  626.539827875
    0.683738769   32.565556994  682.441183915
    0.687258308   35.104429057  759.233698491
    0.690777846   37.893894742  817.434335816
    0.694297385   40.797201364  819.487174854
    0.697816923   43.582344958  750.256810391
    0.701336462   46.016812552  623.641766630
    0.704856000   47.951985497  473.695723643
    0.708375538   49.370122480  335.382792893
    0.711895077   50.360437819  233.585662013
    0.715414615   51.068303230  173.529839194
    0.718934154   51.622989959  144.778584780
    0.722453692   52.102805681  127.434459207
    0.725973231   52.520916743  107.971576849
    0.729492769   52.859853372   82.755524587
    0.733012308   53.104066848   56.051204491
    0.736531846   53.259372555   32.906288967
    0.740051385   53.345323848   16.688914453
    0.743570923   53.386195883    7.484323751
    0.747090462   53.403456480    2.919567182
    0.750610000   53.409816020    0.993909830
