#! FIELDS dist file.free der_dist
#! SET min_dist 0.201562
#! SET max_dist 0.75061
#! SET nbins_dist  157
#! SET periodic_dist false
    0.201562000   21.988005673   -0.000000000
    0.205081538   21.988005673   -0.000000000
    0.208601077   21.988005673   -0.000000000
    0.212120615   21.987345917   -0.271612273
    0.215640154   21.984325622   -1.409455612
    0.219159692   21.973395117   -5.158991159
    0.222679231   21.939224163  -15.662530459
    0.226198769   21.844727545  -41.352703747
    0.229718308   21.613403795  -96.063270913
    0.233237846   21.114191721 -196.310994015
    0.236757385   20.163682177 -353.134272853
    0.240276923   18.569990645 -558.280905215
    0.243796462   16.218947745 -774.654010874
    0.247316000   13.176174879 -940.261601401
    0.250835538    9.731936660 -993.950249627
    0.254355077    6.346080915 -906.600997531
    0.257874615    3.490838538 -700.574348469
    0.261394154    1.478566759 -439.965463608
    0.264913692    0.370170798 -198.148909794
    0.268433231    0.000000000  -25.922522746
    0.271952769    0.089668547   64.448104948
    0.275472308    0.383363464   95.824644906
    0.278991846    0.740655296  107.594964974
    0.282511385    1.156199785  132.441071530
    0.286030923    1.696961470  177.061189755
    0.289550462    2.401990325  220.930341509
    0.293070000    3.218693903  235.453794755
    0.296589538    4.017489845  212.047508569
    0.300109077    4.690080445  168.715630196
    0.303628615    5.225779941  140.043029513
    0.307148154    5.728081486  151.784952428
    0.310667692    6.349597009  205.825345870
    0.314187231    7.202016062  277.991956083
    0.317706769    8.285240360  330.047131736
    0.321226308    9.467825105  331.620063860
    0.324745846   10.556127172  277.666948174
    0.328265385   11.398698859  200.703761593
    0.331784923   11.996592841  145.188738972
    0.335304462   12.485007683  140.684195433
    0.338824000   13.032823154  173.192403893
    0.342343538   13.693231864  194.647107356
    0.345863077   14.340340548  161.048313178
    0.349382615   14.754348359   65.530091683
    0.352902154   14.776699072  -52.250742177
    0.356421692   14.432286955 -133.690112482
    0.359941231   13.924214576 -142.633865440
    0.363460769   13.503701211  -89.945417757
    0.366980308   13.305604025  -25.527724901
    0.370499846   13.273366630   -2.759378238
    0.374019385   13.211864279  -42.439789766
    0.377538923   12.930308361 -120.442712267
    0.381058462   12.376941356 -188.993332505
    0.384578000   11.661762452 -207.681093818
    0.388097538   10.981623521 -171.075653950
    0.391617077   10.491041601 -106.192298901
    0.395136615   10.223886220  -49.469864275
    0.398656154   10.110286997  -19.107360647
    0.402175692   10.068093690   -6.325857306
    0.405695231   10.073216664   10.709458871
    0.409214769   10.166696369   45.098179504
    0.412734308   10.398633205   86.106732034
    0.416253846   10.750799331  107.732951602
    0.419773385   11.105769057   84.880074812
    0.423292923   11.284012199    8.029541294
    0.426812462   11.115576258 -108.744288905
    0.430332000   10.517271985 -229.484377313
    0.433851538    9.545457902 -313.824856568
    0.437371077    8.382146060 -335.824466801
    0.440890615    7.257457899 -294.617002443
    0.444410154    6.356967891 -213.268017147
    0.447929692    5.766979461 -124.363815299
    0.451449231    5.464382001  -52.544279620
    0.454968769    5.364690220   -9.258457539
    0.458488308    5.364287183    4.336121890
    0.462007846    5.365030293   -8.071287904
    0.465527385    5.287155365  -39.095069567
    0.469046923    5.083643811  -76.284562732
    0.472566462    4.762661169 -102.868566438
    0.476086000    4.386548374 -106.941638130
    0.479605538    4.037807527  -88.926631218
    0.483125077    3.774640871  -61.159850635
    0.486644615    3.608012549  -35.474858250
    0.490164154    3.523802944  -13.123804725
    0.493683692    3.518031290    9.584991560
    0.497203231    3.591349269   30.174458848
    0.500722769    3.712577636   33.553825601
    0.504242308    3.793396523    6.891085925
    0.507761846    3.733184560  -43.839220755
    0.511281385    3.493617345  -88.346790813
    0.514800923    3.157980658  -95.325399732
    0.518320462    2.880164886  -57.396082688
    0.521840000    2.784167176    3.046292347
    0.525359538    2.888116191   50.386253488
    0.528879077    3.102478868   65.084727748
    0.532398615    3.316012119   51.749764877
    0.535918154    3.463297731   32.454121669
    0.539437692    3.561075480   24.657260256
    0.542957231    3.657912329   30.478031726
    0.546476769    3.777563592   36.056281687
    0.549996308    3.893361422   26.595295562
    0.553515846    3.950662312    4.824481989
    0.557035385    3.938942206   -9.567385955
    0.560554923    3.921529134    4.071036590
    0.564074462    4.002329153   44.545834621
    0.567594000    4.242103371   89.008269606
    0.571113538    4.605160964  111.266354563
    0.574633077    4.986208920   98.954712363
    0.578152615    5.274444366   61.513468791
    0.581672154    5.416172477   19.051705866
    0.585191692    5.424683122  -13.321240948
    0.588711231    5.344483507  -30.306283550
    0.592230769    5.222619367  -39.047159234
    0.595750308    5.073046585  -46.124899640
    0.599269846    4.897630580  -54.698801654
    0.602789385    4.699490146  -57.028211305
    0.606308923    4.520879514  -40.712242528
    0.609828462    4.447985119    3.612607758
    0.613348000    4.582721061   76.701242957
    0.616867538    5.009779656  166.640432429
    0.620387077    5.758935383  256.539398099
    0.623906615    6.798512224  329.574651905
    0.627426154    8.047755555  374.088720348
    0.630945692    9.396766305  387.056127022
    0.634465231   10.737533059  369.802290758
    0.637984769   11.972944956  327.607352682
    0.641504308   13.024859481  267.287261493
    0.645023846   13.844681344  197.835950722
    0.648543385   14.428896797  136.140177279
    0.652062923   14.844709940  106.055257262
    0.655582462   15.237357381  124.932003804
    0.659102000   15.780871705  188.214104366
    0.662621538   16.584834678  267.522687243
    0.666141077   17.636080298  321.949064585
    0.669660615   18.793275091  326.104242827
    0.673180154   19.873062091  279.853604110
    0.676699692   20.732579886  205.900174692
    0.680219231   21.322340040  130.884724849
    0.683738769   21.674196196   72.002598521
    0.687258308   21.856301735   34.617598064
    0.690777846   21.938811519   14.600137105
    0.694297385   21.971703353    5.393708970
    0.697816923   21.983906617    1.469350097
    0.701336462   21.988005673   -0.000000000
    0.704856000   21.988005673   -0.000000000
    0.708375538   21.988005673   -0.000000000
    0.711895077   21.988005673   -0.000000000
    0.715414615   21.988005673   -0.000000000
    0.718934154   21.988005673   -0.000000000
    0.722453692   21.988005673   -0.000000000
    0.725973231   21.988005673   -0.000000000
    0.729492769   21.988005673   -0.000000000
    0.733012308   21.988005673   -0.000000000
    0.736531846   21.988005673   -0.000000000
    0.740051385   21.988005673   -0.000000000
    0.743570923   21.988005673   -0.000000000
    0.747090462   21.988005673   -0.000000000
    0.750610000   21.988005673   -0.000000000
