#! FIELDS dist file.free der_dist
#! SET min_dist 0.201562
#! SET max_dist 0.75061
#! SET nbins_dist  157
#! SET periodic_dist false
    0.201562000   54.012836837   -0.635542558
    0.205081538   54.006183763   -3.054110640
    0.208601077   53.983897333  -10.392220785
    0.212120615   53.916716310  -30.283635806
    0.215640154   53.736670759  -77.629158094
    0.219159692   53.308230642 -176.066391233
    0.222679231   52.401673795 -354.250959298
    0.226198769   50.692345835 -634.121297893
    0.229718308   47.820737981 -1010.682986051
    0.233237846   43.517001969 -1436.130675322
    0.236757385   37.755773438 -1821.672021795
    0.240276923   30.861328145 -2064.115734450
    0.243796462   23.482464863 -2088.843771904
    0.247316000   16.429012404 -1883.264513645
    0.250835538   10.428939766 -1504.302899475
    0.254355077    5.922296377 -1053.404949768
    0.257874615    2.971267784 -636.128220138
    0.261394154    1.316776335 -324.349614290
    0.264913692    0.537026752 -138.330709441
    0.268433231    0.220542605  -54.654841340
    0.271952769    0.083200523  -28.495551221
    0.275472308    0.004248120  -14.882233974
    0.278991846    0.000000000   17.759280256
    0.282511385    0.167748588   82.001619288
    0.286030923    0.608356522  168.787497649
    0.289550462    1.356269353  251.384868047
    0.293070000    2.344765422  300.843354079
    0.296589538    3.428228801  305.258444757
    0.300109077    4.456483772  272.506947490
    0.303628615    5.334103319  224.263959875
    0.307148154    6.048055719  181.549995089
    0.310667692    6.645960400  160.545048230
    0.314187231    7.215252506  165.187548365
    0.317706769    7.833852178  184.791247655
    0.321226308    8.518508780  199.966209447
    0.324745846    9.218647824  190.379423784
    0.328265385    9.839882760  158.413003203
    0.331784923   10.335861370  123.432167319
    0.335304462   10.742371702  111.637763751
    0.338824000   11.164274788  130.408118714
    0.342343538   11.682480298  160.942936772
    0.345863077   12.277313970  169.136148944
    0.349382615   12.822089301  130.364299923
    0.352902154   13.152259230   51.147577490
    0.356421692   13.180054970  -34.104939093
    0.359941231   12.956903786  -85.818618974
    0.363460769   12.646287393  -83.645810644
    0.366980308   12.422103030  -40.744578387
    0.370499846   12.371223514    9.224179410
    0.374019385   12.462331859   34.508837472
    0.377538923   12.579498366   25.545501189
    0.381058462   12.614776451   -9.890804624
    0.384578000   12.510188576  -50.513370642
    0.388097538   12.277198857  -80.260982907
    0.391617077   11.965455290  -96.225603022
    0.395136615   11.613085241 -104.348308392
    0.398656154   11.234724943 -111.428981605
    0.402175692   10.834717470 -116.893743822
    0.405695231   10.422411180 -118.976893445
    0.409214769   10.006337956 -118.615436529
    0.412734308    9.585943356 -122.025152785
    0.416253846    9.147293963 -129.920597589
    0.419773385    8.681691004 -135.839209115
    0.423292923    8.206069512 -133.422504557
    0.426812462    7.752968782 -124.893839722
    0.430332000    7.337846107 -113.126489277
    0.433851538    6.963878350 -100.510850329
    0.437371077    6.633566419  -87.485525252
    0.440890615    6.351226752  -75.275186708
    0.444410154    6.104983832  -66.912486526
    0.447929692    5.876675837  -66.212123384
    0.451449231    5.641915330  -68.965657008
    0.454968769    5.400517468  -68.018733885
    0.458488308    5.176213759  -59.058664648
    0.462007846    4.993754904  -46.488957553
    0.465527385    4.852850169  -36.770335833
    0.469046923    4.733303222  -33.462404973
    0.472566462    4.617870079  -33.029066425
    0.476086000    4.506095150  -31.550229885
    0.479605538    4.402267002  -29.258988641
    0.483125077    4.302182792  -30.437060667
    0.486644615    4.191011367  -35.440855562
    0.490164154    4.062733554  -37.973579121
    0.493683692    3.937965275  -33.222850971
    0.497203231    3.841793981  -23.072894471
    0.500722769    3.776889421  -17.671860976
    0.504242308    3.710634769  -22.801872728
    0.507761846    3.613716301  -34.046463776
    0.511281385    3.488717623  -35.044273148
    0.514800923    3.394923849  -17.199841544
    0.518320462    3.388508886   11.351268247
    0.521840000    3.472083159   31.751844587
    0.525359538    3.588226709   28.370019794
    0.528879077    3.656641205    7.124020759
    0.532398615    3.647021957  -13.116752524
    0.535918154    3.593248482  -15.112194927
    0.539437692    3.569515088    2.119280879
    0.542957231    3.623385821   25.795725490
    0.546476769    3.742489890   37.366193971
    0.549996308    3.862838774   25.824123947
    0.553515846    3.909167541   -2.287848258
    0.557035385    3.859093745  -25.725625915
    0.560554923    3.766755719  -23.416240744
    0.564074462    3.733177273    6.756564687
    0.567594000    3.831286540   46.641131493
    0.571113538    4.052052935   73.127769438
    0.574633077    4.319765806   72.239832629
    0.578152615    4.540895283   48.775551428
    0.581672154    4.660739143   17.540118918
    0.585191692    4.677364539   -9.065388658
    0.588711231    4.620981289  -21.712949714
    0.592230769    4.547225615  -19.441122528
    0.595750308    4.509138986   -0.571574969
    0.599269846    4.564780222   31.921243748
    0.602789385    4.753011783   74.323004838
    0.606308923    5.095540601  118.267770015
    0.609828462    5.580871139  153.335147585
    0.613348000    6.159679503  170.030412144
    0.616867538    6.755549776  162.888956739
    0.620387077    7.290357213  137.038865837
    0.623906615    7.725166525  109.200175917
    0.627426154    8.087816847   99.727915314
    0.630945692    8.471922523  123.266362610
    0.634465231    8.999103648  179.329551318
    0.637984769    9.764837949  255.329805572
    0.641504308   10.802345101  330.386240400
    0.645023846   12.072023329  385.375267216
    0.648543385   13.487434020  412.253409896
    0.652062923   14.960056154  420.699847501
    0.655582462   16.458366571  430.862012525
    0.659102000   18.023969187  460.598754862
    0.662621538   19.734407755  512.642841860
    0.666141077   21.642270946  567.742522386
    0.669660615   23.714967820  603.689016997
    0.673180154   25.863900679  611.043236362
    0.676699692   28.009483785  606.771271203
    0.680219231   30.160618307  618.957472527
    0.683738769   32.412367119  663.812505121
    0.687258308   34.866238579  729.926207337
    0.690777846   37.539475028  781.763005420
    0.694297385   40.317918789  785.866749863
    0.697816923   43.004575337  729.772282017
    0.701336462   45.405715736  626.517347161
    0.704856000   47.400151297  504.512068676
    0.708375538   48.971074757  389.929685973
    0.711895077   50.178424354  300.005376091
    0.715414615   51.120088223  237.678229257
    0.718934154   51.880519298  196.335691927
    0.722453692   52.513099103  162.600659706
    0.725973231   53.028249093  128.566277534
    0.729492769   53.420392971   93.184928321
    0.733012308   53.690003006   60.610196165
    0.736531846   53.855758565   34.659208072
    0.740051385   53.945505878   17.277270544
    0.743570923   53.988024815    7.484323751
    0.747090462   54.005285412    2.919567182
    0.750610000   54.011644952    0.993909830
