#! FIELDS dist file.free der_dist
#! SET min_dist 0.201562
#! SET max_dist 0.75061
#! SET nbins_dist  157
#! SET periodic_dist false
    0.201562000   44.665365804   -0.067739624
    0.205081538   44.663325967   -0.864347811
    0.208601077   44.655940570   -3.486656116
    0.212120615   44.631250866  -11.431352897
    0.215640154   44.558544156  -32.390975402
    0.219159692   44.369592276  -80.488838400
    0.222679231   43.933951721 -176.742175526
    0.226198769   43.038940752 -345.094436755
    0.229718308   41.400165320 -600.306410512
    0.233237846   38.720091146 -932.367968556
    0.236757385   34.797895403 -1295.321802301
    0.240276923   29.656369542 -1610.641972971
    0.243796462   23.618277723 -1791.084780389
    0.247316000   17.280583202 -1774.578807185
    0.250835538   11.366121719 -1554.608293158
    0.254355077    6.511136496 -1186.441030988
    0.257874615    3.073974698 -766.550223956
    0.261394154    1.058014192 -393.020968019
    0.264913692    0.175297806 -129.187612873
    0.268433231    0.000000000   10.461862644
    0.271952769    0.131991008   52.356904124
    0.275472308    0.309803635   45.273631329
    0.278991846    0.451097896   39.483141896
    0.282511385    0.628584997   68.590972976
    0.286030923    0.980741629  135.533431585
    0.289550462    1.599240894  213.467088269
    0.293070000    2.456614518  264.958515007
    0.296589538    3.415852802  270.256449527
    0.300109077    4.319565352  237.183223024
    0.303628615    5.078900095  194.091957919
    0.307148154    5.713345958  169.182710071
    0.310667692    6.317574264  178.423169321
    0.314187231    7.010097549  217.245101666
    0.317706769    7.859435223  261.593726809
    0.321226308    8.828733493  281.539999969
    0.324745846    9.791159840  255.004701647
    0.328265385   10.587610548  192.324144273
    0.331784923   11.145393054  125.795699652
    0.335304462   11.517162313   91.966917511
    0.338824000   11.849211113  101.361536792
    0.342343538   12.263034858  132.231047929
    0.345863077   12.765339237  146.078116648
    0.349382615   13.242489086  115.668850076
    0.352902154   13.537903342   46.558490985
    0.356421692   13.569544320  -26.754759219
    0.359941231   13.395766051  -64.420879450
    0.363460769   13.188455789  -45.676537572
    0.366980308   13.128203758   14.588430190
    0.370499846   13.295757454   76.998591791
    0.374019385   13.628685920  101.820844901
    0.377538923   13.957475431   76.155734059
    0.381058462   14.123570750   13.173218521
    0.384578000   14.050058413  -54.388062811
    0.388097538   13.770416600 -100.185483021
    0.391617077   13.380528531 -118.381986861
    0.395136615   12.961119918 -118.906867011
    0.398656154   12.549721277 -115.362954607
    0.402175692   12.151573320 -112.057092817
    0.405695231   11.765337404 -109.330658894
    0.409214769   11.385546222 -108.051482357
    0.412734308   10.999201898 -113.286064091
    0.416253846   10.585085536 -124.321247326
    0.419773385   10.132271811 -133.459566899
    0.423292923    9.658484037 -134.495963541
    0.426812462    9.193940596 -130.096791691
    0.430332000    8.750194605 -124.139128504
    0.433851538    8.325118963 -118.199894173
    0.437371077    7.921050384 -111.083556415
    0.440890615    7.547750962 -102.560485030
    0.444410154    7.202148452  -95.357611168
    0.447929692    6.874316041  -93.706191014
    0.451449231    6.547528909  -92.803507400
    0.454968769    6.234009099  -83.893890660
    0.458488308    5.975827551  -61.227196103
    0.462007846    5.816401388  -30.506046112
    0.465527385    5.762439782   -3.908514566
    0.469046923    5.774393063    6.544866098
    0.472566462    5.787635904   -2.458059473
    0.476086000    5.741193755  -26.865995491
    0.479605538    5.595412606  -57.403865235
    0.483125077    5.347099350  -83.696597932
    0.486644615    5.031142734  -94.560734705
    0.490164154    4.714405381  -82.697930331
    0.493683692    4.473617106  -53.480135159
    0.497203231    4.344844976  -22.711719002
    0.500722769    4.299219693   -9.005580101
    0.504242308    4.259431159  -17.536170057
    0.507761846    4.166973847  -36.398446101
    0.511281385    4.024682110  -41.131248255
    0.514800923    3.913816428  -19.150181178
    0.518320462    3.917434776   20.290160521
    0.521840000    4.054319513   53.325956933
    0.525359538    4.263358890   58.979161811
    0.528879077    4.444889756   39.847245960
    0.532398615    4.544565077   15.783954003
    0.535918154    4.582171118    8.301728523
    0.539437692    4.633568204   22.254642155
    0.542957231    4.755050425   44.435071612
    0.546476769    4.933573472   52.049359471
    0.549996308    5.088517001   29.770823113
    0.553515846    5.120235740  -14.630124860
    0.557035385    4.997801223  -53.218129963
    0.560554923    4.794570697  -56.647281361
    0.564074462    4.652349872  -19.533106357
    0.567594000    4.683473249   36.018128999
    0.571113538    4.895633427   78.593024207
    0.574633077    5.201313941   87.361820123
    0.578152615    5.480018630   65.529936155
    0.581672154    5.653955987   31.655309680
    0.585191692    5.716277033    3.539427981
    0.588711231    5.706655585   -6.847813528
    0.592230769    5.691516802   -0.687356086
    0.595750308    5.720786094   18.264276084
    0.599269846    5.830941467   43.090931645
    0.602789385    6.034017181   71.188645338
    0.606308923    6.339145850  101.237689429
    0.609828462    6.751103813  130.950992857
    0.613348000    7.259514698  154.660570535
    0.616867538    7.826443412  162.725279216
    0.620387077    8.386136719  150.659166955
    0.623906615    8.878854552  126.897988091
    0.627426154    9.295542220  111.982550048
    0.630945692    9.708643133  128.561546472
    0.634465231   10.251666328  184.977688362
    0.637984769   11.050244643  269.584677812
    0.641504308   12.153278992  352.516778812
    0.645023846   13.495962985  402.150169618
    0.648543385   14.932853462  405.019012571
    0.652062923   16.316671925  376.709390813
    0.655582462   17.593338319  350.445546131
    0.659102000   18.829438285  356.893458186
    0.662621538   20.161621932  405.109790340
    0.666141077   21.713330186  476.710499949
    0.669660615   23.517915133  544.950443924
    0.673180154   25.527945109  591.261905682
    0.676699692   27.662467553  617.973849705
    0.680219231   29.874348694  637.671684377
    0.683738769   32.157859632  658.134714653
    0.687258308   34.504538731  671.405792190
    0.690777846   36.852908721  654.987814565
    0.694297385   39.063362442  591.864531040
    0.697816923   40.968382557  483.475788126
    0.701336462   42.444126034  351.731616676
    0.704856000   43.458533347  226.831161176
    0.708375538   44.076266426  128.940736839
    0.711895077   44.408218805   64.474203403
    0.715414615   44.566432953   27.915055826
    0.718934154   44.631027752   10.868562986
    0.722453692   44.655085214    3.632755767
    0.725973231   44.663423444    0.784073590
    0.729492769   44.665528170   -0.000000000
    0.733012308   44.665528170   -0.000000000
    0.736531846   44.665528170   -0.000000000
    0.740051385   44.665528170   -0.000000000
    0.743570923   44.665528170   -0.000000000
    0.747090462   44.665528170   -0.000000000
    0.750610000   44.665528170   -0.000000000
