#! FIELDS dist file.free der_dist
#! SET min_dist 0.201562
#! SET max_dist 0.75061
#! SET nbins_dist  157
#! SET periodic_dist false
    0.201562000   57.685244283   -0.868764096
    0.205081538   57.676548391   -3.989959671
    0.208601077   57.648072488  -13.229000195
    0.212120615   57.563804826  -37.774289511
    0.215640154   57.341825481  -95.092753180
    0.219159692   56.822270032 -212.024307101
    0.222679231   55.740829350 -419.492134589
    0.226198769   53.735688715 -738.103284536
    0.229718308   50.425152383 -1155.445929413
    0.233237846   45.554185643 -1610.549775884
    0.236757385   39.161989612 -2000.693180510
    0.240276923   31.675972494 -2216.036132341
    0.243796462   23.849222703 -2188.442735626
    0.247316000   16.550943783 -1923.384835461
    0.250835538   10.497068360 -1498.344420221
    0.254355077    6.055443800 -1026.950977079
    0.257874615    3.196479175 -613.572974069
    0.261394154    1.592877847 -318.983284189
    0.264913692    0.799701833 -150.433854831
    0.268433231    0.420758721  -76.406096981
    0.271952769    0.203438079  -50.828129749
    0.275472308    0.053824013  -32.124187858
    0.278991846    0.000000000    6.473357288
    0.282511385    0.135283993   74.056995942
    0.286030923    0.547872693  159.787424027
    0.289550462    1.256924733  237.658400408
    0.293070000    2.186530924  281.067996962
    0.296589538    3.192460491  281.592454761
    0.300109077    4.138149171  250.138927457
    0.303628615    4.948659615  209.400729838
    0.307148154    5.630655987  178.595910498
    0.310667692    6.241301791  170.500605176
    0.314187231    6.865559562  185.725252707
    0.317706769    7.569141247  211.637796941
    0.321226308    8.352170634  228.053673230
    0.324745846    9.146187530  214.670104114
    0.328265385    9.839717098  174.427347639
    0.331784923   10.373143129  128.274678798
    0.335304462   10.776892833  105.367638274
    0.338824000   11.162026993  116.544283053
    0.342343538   11.626955776  145.489534405
    0.345863077   12.175100047  159.005808841
    0.349382615   12.703127168  131.683394436
    0.352902154   13.064556975   67.821639554
    0.356421692   13.179412790   -1.766886043
    0.359941231   13.092163213  -42.188558939
    0.363460769   12.942885858  -37.401803695
    0.366980308   12.871313104   -2.013388294
    0.370499846   12.932131422   33.079325532
    0.374019385   13.077706601   41.711677162
    0.377538923   13.195639903   19.475266937
    0.381058462   13.193747103  -24.358659068
    0.384578000   13.028148728  -70.775395080
    0.388097538   12.713056245 -107.071276913
    0.391617077   12.292667439 -131.514400760
    0.395136615   11.801798109 -147.419692222
    0.398656154   11.265505859 -157.027306635
    0.402175692   10.713211594 -156.445223063
    0.405695231   10.185214388 -144.068607647
    0.409214769    9.714250864 -124.371646946
    0.412734308    9.308452663 -108.441835682
    0.416253846    8.946088993 -101.223542087
    0.419773385    8.598515793  -98.865074720
    0.423292923    8.256069022  -96.154533627
    0.426812462    7.923233980  -95.163524778
    0.430332000    7.590547159  -96.814180582
    0.433851538    7.246431368  -99.890379032
    0.437371077    6.893826260 -100.125032761
    0.440890615    6.552875323  -94.877770617
    0.444410154    6.236467968  -86.311931765
    0.447929692    5.948047810  -80.611522254
    0.451449231    5.673195795  -77.710720674
    0.454968769    5.407776161  -73.635711206
    0.458488308    5.164152759  -65.120089834
    0.462007846    4.955726176  -55.617682284
    0.465527385    4.776362268  -49.449029734
    0.469046923    4.608442499  -47.888392189
    0.472566462    4.444615464  -45.501602842
    0.476086000    4.298299779  -38.302251092
    0.479605538    4.183777258  -28.646176860
    0.483125077    4.096518248  -24.566014478
    0.486644615    4.008481650  -29.306296287
    0.490164154    3.894562045  -36.738233483
    0.493683692    3.761583004  -39.267811332
    0.497203231    3.633711115  -34.529694361
    0.500722769    3.526040860  -29.749864418
    0.504242308    3.423233113  -31.109554859
    0.507761846    3.306274776  -37.355016679
    0.511281385    3.175337306  -35.790192873
    0.514800923    3.078230519  -19.003009713
    0.518320462    3.061490054    7.208005995
    0.521840000    3.129287443   27.331292857
    0.525359538    3.234876426   27.208815614
    0.528879077    3.308301296   11.038073916
    0.532398615    3.320251699   -5.242419652
    0.535918154    3.297852225   -5.610877121
    0.539437692    3.309185714   12.508415262
    0.542957231    3.403697577   38.791418954
    0.546476769    3.577224028   55.455131746
    0.549996308    3.771693768   49.505389933
    0.553515846    3.907943641   24.283526554
    0.557035385    3.949264295   -1.375821985
    0.560554923    3.931226801   -6.349370522
    0.564074462    3.940840794   13.960770831
    0.567594000    4.048308196   45.037609181
    0.571113538    4.254031199   66.881164020
    0.574633077    4.499578622   66.689314288
    0.578152615    4.709145952   48.178378108
    0.581672154    4.838442389   23.326081308
    0.585191692    4.884299455    0.950893529
    0.588711231    4.863554927  -12.632107337
    0.592230769    4.810654485  -17.860950096
    0.595750308    4.757068400  -11.755504316
    0.599269846    4.748147001    6.452768682
    0.602789385    4.825845436   37.847510031
    0.606308923    5.031359375   78.257619235
    0.609828462    5.383599157  119.173550356
    0.613348000    5.864993128  149.795092385
    0.616867538    6.421560099  160.962315546
    0.620387077    6.981710742  152.720743918
    0.623906615    7.495961731  137.419348676
    0.627426154    7.969397613  133.099394489
    0.630945692    8.469277185  154.369179778
    0.634465231    9.093450547  202.565094096
    0.637984769    9.922202127  267.533921355
    0.641504308   10.982331962  331.060810706
    0.645023846   12.236690674  376.323843462
    0.648543385   13.607955013  396.645763500
    0.652062923   15.019638515  402.068029756
    0.655582462   16.451051293  411.509050252
    0.659102000   17.948733190  441.246787184
    0.662621538   19.589909607  492.327023512
    0.666141077   21.422617863  544.907799811
    0.669660615   23.408423312  576.784632779
    0.673180154   25.454846752  579.646831156
    0.676699692   27.484021202  572.328192084
    0.680219231   29.513898203  585.196936067
    0.683738769   31.656709418  636.710879269
    0.687258308   34.039407664  718.086932881
    0.690777846   36.714843070  796.972350253
    0.694297385   39.614908822  841.712733396
    0.697816923   42.586967268  837.164325768
    0.701336462   45.459475873  785.678012128
    0.704856000   48.085688496  700.466512867
    0.708375538   50.372317843  595.383020427
    0.711895077   52.275858877  485.625240493
    0.715414615   53.804298800  383.047039144
    0.718934154   54.995121186  295.497073829
    0.722453692   55.903610667  221.661811433
    0.725973231   56.573568490  159.379388906
    0.729492769   57.042174591  107.202551347
    0.733012308   57.344738464   66.215074900
    0.736531846   57.523121253   36.576695911
    0.740051385   57.617003161   17.843670794
    0.743570923   57.661052076    7.484323751
    0.747090462   57.678312673    2.919567182
    0.750610000   57.684672214    0.993909830
