#! FIELDS dist file.free der_dist
#! SET min_dist 0.201562
#! SET max_dist 0.75061
#! SET nbins_dist  157
#! SET periodic_dist false
    0.201562000   49.091119743   -0.271967955
    0.205081538   49.087422011   -1.669136365
    0.208601077   49.074456835   -6.113369018
    0.212120615   49.033208369  -18.873775937
    0.215640154   48.917288147  -50.837340178
    0.219159692   48.629079192 -120.585571036
    0.222679231   47.993034302 -253.140161291
    0.226198769   46.742984744 -472.456046217
    0.229718308   44.554441224 -785.253612724
    0.233237846   41.133864740 -1164.767742555
    0.236757385   36.351760879 -1544.986140113
    0.240276923   30.363792402 -1834.404249425
    0.243796462   23.644391238 -1949.015035290
    0.247316000   16.899761000 -1846.853755434
    0.250835538   10.873565452 -1549.365581485
    0.254355077    6.130406888 -1134.396694640
    0.257874615    2.901458868 -706.472914543
    0.261394154    1.062953575 -356.114765047
    0.264913692    0.246213965 -129.191228438
    0.268433231    0.010992547  -21.369454345
    0.271952769    0.000000000    6.490493180
    0.275472308    0.022114939    5.752555504
    0.278991846    0.056699555   19.728846497
    0.282511385    0.204516693   70.328518388
    0.286030923    0.591917473  151.991238062
    0.289550462    1.280627182  235.381451158
    0.293070000    2.216682209  287.120606543
    0.296589538    3.254176224  292.678338480
    0.300109077    4.239346760  260.923551022
    0.303628615    5.081812645  216.742025294
    0.307148154    5.784524997  183.890963792
    0.310667692    6.416246430  178.364230521
    0.314187231    7.079515718  200.944073009
    0.317706769    7.851370774  235.191642082
    0.321226308    8.725484845  255.298825475
    0.324745846    9.608137540  236.424045634
    0.328265385   10.354148576  181.570485869
    0.331784923   10.880324016  117.406660683
    0.335304462   11.220094766   81.813182639
    0.338824000   11.516295304   92.119120864
    0.342343538   11.911284465  131.984982279
    0.345863077   12.438391689  160.586366888
    0.349382615   12.988644423  140.939716169
    0.352902154   13.372565392   68.640199969
    0.356421692   13.451052229  -24.909289196
    0.359941231   13.229938760  -94.571384488
    0.363460769   12.856703934 -109.286205513
    0.366980308   12.525949929  -73.323001298
    0.370499846   12.367179592  -17.132526841
    0.374019385   12.391600571   24.464251489
    0.377538923   12.509082703   36.129434974
    0.381058462   12.616434197   20.059845879
    0.384578000   12.644163417   -6.228875017
    0.388097538   12.581433673  -29.044671351
    0.391617077   12.448769666  -47.177960703
    0.395136615   12.250511188  -67.167082569
    0.398656154   11.968759135  -94.599261609
    0.402175692   11.585139773 -124.269773994
    0.405695231   11.107674561 -147.243843602
    0.409214769   10.569581476 -157.450348363
    0.412734308   10.013242596 -158.145818467
    0.416253846    9.467850238 -153.137224737
    0.419773385    8.948372609 -143.308555094
    0.423292923    8.468243550 -129.499084777
    0.426812462    8.038122186 -116.646435269
    0.430332000    7.651460431 -105.485981582
    0.433851538    7.301517372  -94.149502970
    0.437371077    6.992775478  -81.243434296
    0.440890615    6.731018839  -70.136114177
    0.444410154    6.494222005  -67.411653430
    0.447929692    6.245041700  -78.146751553
    0.451449231    5.943696159  -94.520062690
    0.454968769    5.593394787 -103.052998537
    0.458488308    5.242314397  -94.123056669
    0.462007846    4.951087779  -71.737994844
    0.465527385    4.747638798  -46.418108843
    0.469046923    4.620710060  -28.393467997
    0.472566462    4.539602322  -19.852502456
    0.476086000    4.475220407  -19.011769994
    0.479605538    4.403587233  -24.050937151
    0.483125077    4.305940370  -33.752457200
    0.486644615    4.173797476  -42.777355807
    0.490164154    4.022748792  -42.135732621
    0.493683692    3.896697446  -29.042522745
    0.497203231    3.830393807  -10.643726426
    0.500722769    3.816422194   -2.218468273
    0.504242308    3.798234942  -12.085286096
    0.507761846    3.720698090  -34.346650609
    0.511281385    3.571464186  -48.332717227
    0.514800923    3.411508282  -40.612453679
    0.518320462    3.312999373  -16.298503567
    0.521840000    3.300444492    5.897384292
    0.525359538    3.335450218    8.992017524
    0.528879077    3.352073623   -2.276694926
    0.532398615    3.331808517   -8.973834049
    0.535918154    3.321040701    5.753179995
    0.539437692    3.401590105   40.387770334
    0.542957231    3.614047534   76.376081804
    0.546476769    3.916033044   88.506943135
    0.549996308    4.194817450   62.317782307
    0.553515846    4.324527586    7.391793931
    0.557035385    4.254324614  -46.322629066
    0.560554923    4.045512530  -66.928221218
    0.564074462    3.839982639  -44.450127441
    0.567594000    3.769103006    4.699969327
    0.571113538    3.878297656   53.414967429
    0.574633077    4.124692976   80.205278100
    0.578152615    4.419314731   81.603525878
    0.581672154    4.685364749   66.068701180
    0.585191692    4.882611575   43.027583063
    0.588711231    4.998422859   22.494066830
    0.592230769    5.053047296    8.494651096
    0.595750308    5.077813031    7.137806542
    0.599269846    5.125222975   20.361288024
    0.602789385    5.246327913   49.147826908
    0.606308923    5.489202990   88.686707246
    0.609828462    5.877516185  129.462986325
    0.613348000    6.394193187  159.637513280
    0.616867538    6.981334636  168.171047598
    0.620387077    7.556600333  153.702100050
    0.623906615    8.056967012  128.360084500
    0.627426154    8.478113733  112.846177679
    0.630945692    8.891515267  127.129042841
    0.634465231    9.419869605  177.367313557
    0.637984769   10.177649054  253.960422662
    0.641504308   11.216817209  332.885016587
    0.645023846   12.497522647  388.151782727
    0.648543385   13.910555667  406.700331307
    0.652062923   15.336798690  399.136619796
    0.655582462   16.726411461  390.999784776
    0.659102000   18.125099384  406.940324046
    0.662621538   19.634528452  453.841419582
    0.666141077   21.340616099  513.837923885
    0.669660615   23.245532505  563.988112686
    0.673180154   25.290515874  592.780932722
    0.676699692   27.414718841  613.277409594
    0.680219231   29.629215172  647.563084156
    0.683738769   32.007608137  705.368438147
    0.687258308   34.608618779  769.337072857
    0.690777846   37.390635725  801.546747986
    0.694297385   40.180959065  771.103286656
    0.697816923   42.742723335  673.579124559
    0.701336462   44.876237369  532.064881295
    0.704856000   46.485415465  382.282058738
    0.708375538   47.593168316  250.916629148
    0.711895077   48.292199939  151.074483596
    0.715414615   48.698405244   83.148910436
    0.718934154   48.913033273   42.280107339
    0.722453692   49.018473968   19.223863939
    0.725973231   49.065156112    7.651895919
    0.729492769   49.083370724    2.624101550
    0.733012308   49.089147413    0.916388118
    0.736531846   49.091056654    0.279826125
    0.740051385   49.091788979   -0.000000000
    0.743570923   49.091788979   -0.000000000
    0.747090462   49.091788979   -0.000000000
    0.750610000   49.091788979   -0.000000000
