#! FIELDS dist file.free der_dist
#! SET min_dist 0.201562
#! SET max_dist 0.75061
#! SET nbins_dist  157
#! SET periodic_dist false
    0.201562000   57.647147990   -0.868764096
    0.205081538   57.638452098   -3.989959671
    0.208601077   57.609976195  -13.229000195
    0.212120615   57.525708533  -37.774289511
    0.215640154   57.303729188  -95.092753180
    0.219159692   56.784173739 -212.024307101
    0.222679231   55.702733057 -419.492134589
    0.226198769   53.697592422 -738.103284536
    0.229718308   50.387062858 -1155.443263998
    0.233237846   45.516114791 -1610.540651052
    0.236757385   39.123977820 -2000.665847604
    0.240276923   31.638124161 -2215.964653477
    0.243796462   23.811775587 -2188.277545942
    0.247316000   16.514343843 -1923.055411284
    0.250835538   10.462037334 -1497.771839807
    0.254355077    6.022932388 -1026.088963634
    0.257874615    3.167486524 -612.447049298
    0.261394154    1.568183135 -317.693714697
    0.264913692    0.779642525 -149.111596836
    0.268433231    0.405297818  -75.118941176
    0.271952769    0.192511768  -49.517048499
    0.275472308    0.047804824  -30.610417620
    0.278991846    0.000000000    8.415147963
    0.282511385    0.143152773   76.607090855
    0.286030923    0.565886633  162.995415813
    0.289550462    1.287183416  241.358734699
    0.293070000    2.230073478  284.820645531
    0.296589538    3.248361100  284.747015294
    0.300109077    4.203171272  252.085407127
    0.303628615    5.017962995  209.887974422
    0.307148154    5.699413307  177.877131603
    0.310667692    6.306217601  169.137273210
    0.314187231    6.925274269  184.185569977
    0.317706769    7.623385739  210.057635946
    0.321226308    8.400632328  226.327614876
    0.324745846    9.188246557  212.778371168
    0.328265385    9.875143418  172.609694797
    0.331784923   10.402854667  126.906621114
    0.335304462   10.802944946  104.669709265
    0.338824000   11.186738670  116.445728630
    0.342343538   11.651962449  145.705743861
    0.345863077   12.200889108  159.178837431
    0.349382615   12.728927697  131.465698346
    0.352902154   13.088419553   66.891092234
    0.356421692   13.198425829   -3.606911582
    0.359941231   13.103137643  -44.865458021
    0.363460769   12.943467686  -40.535673486
    0.366980308   12.860868900   -5.053058736
    0.370499846   12.911911393   30.631176895
    0.374019385   13.050366876   40.143828989
    0.377538923   13.164505967   18.897028690
    0.381058462   13.162402855  -23.874739500
    0.384578000   13.000502472  -69.137246264
    0.388097538   12.693347222 -104.196967396
    0.391617077   12.285102173 -127.539094863
    0.395136615   11.809500640 -142.840047703
    0.398656154   11.289242251 -152.633724745
    0.402175692   10.750937081 -152.984179196
    0.405695231   10.232997920 -141.810628838
    0.409214769    9.768280922 -122.981034595
    0.412734308    9.366857108 -107.226086862
    0.416253846    9.009381163  -99.593386265
    0.419773385    8.668605821  -96.644309481
    0.423292923    8.334694925  -93.593355213
    0.426812462    8.010757675  -92.762944697
    0.430332000    7.685386020  -95.153909026
    0.433851538    7.345032469  -99.491052109
    0.437371077    6.991100274 -101.308185895
    0.440890615    6.643183224  -97.616584772
    0.444410154    6.314963475  -90.176067161
    0.447929692    6.012000106  -84.865964542
    0.451449231    5.722730504  -81.509901999
    0.454968769    5.445865310  -76.235656195
    0.458488308    5.195929761  -66.062079035
    0.462007846    4.987208565  -54.857207478
    0.465527385    4.812872851  -47.478050353
    0.469046923    4.652669383  -45.664249224
    0.472566462    4.495389415  -44.193903341
    0.476086000    4.350661077  -38.798338517
    0.479605538    4.230848535  -31.102603748
    0.483125077    4.132430205  -28.270926199
    0.486644615    4.030954206  -33.002907400
    0.490164154    3.905836612  -39.241501650
    0.493683692    3.767186141  -39.944151578
    0.497203231    3.640094585  -33.482975730
    0.500722769    3.538229924  -27.626415339
    0.504242308    3.443601635  -28.712653751
    0.507761846    3.334633600  -35.286219704
    0.511281385    3.209975226  -34.307434307
    0.514800923    3.117050146  -18.079950164
    0.518320462    3.102759348    7.712258871
    0.521840000    3.171845447   27.596248602
    0.525359538    3.278252126   27.450615838
    0.528879077    3.352905641   11.542566562
    0.532398615    3.367507870   -4.205238293
    0.535918154    3.349842069   -3.978819846
    0.539437692    3.367552007   14.407210461
    0.542957231    3.468250111   40.278071221
    0.546476769    3.645200408   55.830223760
    0.549996308    3.838487831   48.458798520
    0.553515846    3.968954806   22.148157828
    0.557035385    4.002026043   -3.765768219
    0.560554923    3.976510748   -8.064038635
    0.564074462    3.982251831   13.533864859
    0.567594000    4.090686243   45.995006085
    0.571113538    4.301718257   68.865040091
    0.574633077    4.555264658   69.162117056
    0.578152615    4.773736371   50.702838535
    0.581672154    4.911636522   25.660101122
    0.585191692    4.965174965    2.973465641
    0.588711231    4.950798993  -11.056174674
    0.592230769    4.902486328  -16.826645939
    0.595750308    4.851740312  -11.106970080
    0.599269846    4.845237024    7.317284953
    0.602789385    4.927721577   39.856010913
    0.606308923    5.143428402   82.098338751
    0.609828462    5.512265942  124.631711224
    0.613348000    6.013843507  155.491724128
    0.616867538    6.587891868  164.853392359
    0.620387077    7.155911265  153.110283899
    0.623906615    7.664573912  133.920591704
    0.627426154    8.120339389  126.855152851
    0.630945692    8.596501966  147.544345993
    0.634465231    9.199021175  197.435328036
    0.637984769   10.015258319  265.754644048
    0.641504308   11.076187766  333.319216966
    0.645023846   12.345229171  382.279433284
    0.648543385   13.742305769  405.101149827
    0.652062923   15.185696751  411.308479739
    0.655582462   16.648387704  419.796638599
    0.659102000   18.171766076  447.486854074
    0.662621538   19.831142047  496.566238093
    0.666141077   21.676970855  548.438573238
    0.669660615   23.676924118  581.668920706
    0.673180154   25.745766825  587.735309043
    0.676699692   27.810121706  584.158889789
    0.680219231   29.886244426  599.191392267
    0.683738769   32.076948668  649.191684357
    0.687258308   34.493963166  724.326400243
    0.690777846   37.174392498  793.110437823
    0.694297385   40.040958456  826.681004641
    0.697816923   42.943612816  813.461565583
    0.701336462   45.724739002  758.409966728
    0.704856000   48.256863187  675.087924088
    0.708375538   50.463170088  575.561966339
    0.711895077   52.308561177  472.378587512
    0.715414615   53.800729810  375.415445060
    0.718934154   54.971957341  291.684172657
    0.722453692   55.871164619  220.031185290
    0.725973231   56.537395504  158.756642763
    0.729492769   57.004656705  106.994912274
    0.733012308   57.306642171   66.215074900
    0.736531846   57.485024960   36.576695911
    0.740051385   57.578906868   17.843670794
    0.743570923   57.622955783    7.484323751
    0.747090462   57.640216380    2.919567182
    0.750610000   57.646575921    0.993909830
