#! FIELDS dist file.free der_dist
#! SET min_dist 0.201562
#! SET max_dist 0.75061
#! SET nbins_dist  157
#! SET periodic_dist false
    0.201562000   53.411007905   -0.635542558
    0.205081538   53.404400645   -3.035392347
    0.208601077   53.382284890  -10.310753763
    0.212120615   53.315662284  -30.018545353
    0.215640154   53.137286941  -76.876531791
    0.219159692   52.713221225 -174.200193289
    0.222679231   51.816690062 -350.213452247
    0.226198769   50.127445966 -626.509552902
    0.229718308   47.290897770 -998.215603806
    0.233237846   43.040336690 -1418.450206486
    0.236757385   37.348898985 -1800.056441824
    0.240276923   30.533471699 -2041.397379132
    0.243796462   23.231616794 -2068.301988602
    0.247316000   16.243244127 -1867.016304360
    0.250835538   10.292443933 -1492.400317636
    0.254355077    5.822150699 -1044.349027668
    0.257874615    2.900484110 -628.303568855
    0.261394154    1.272411070 -317.177950041
    0.264913692    0.516098281 -132.333536191
    0.268433231    0.217367936  -50.700149902
    0.271952769    0.089533831  -27.077823038
    0.275472308    0.011236939  -15.877014769
    0.278991846    0.000000000   14.899241326
    0.282511385    0.155538338   78.067894495
    0.286030923    0.581663384  164.701989537
    0.289550462    1.316077256  247.922399581
    0.293070000    2.294224904  298.457653404
    0.296589538    3.371102415  303.826711309
    0.300109077    4.395052130  271.390332871
    0.303628615    5.267895653  222.533857338
    0.307148154    5.973361308  178.361647562
    0.310667692    6.556760781  155.517928188
    0.314187231    7.105624698  158.786995371
    0.317706769    7.701131023  178.363557856
    0.321226308    8.365634443  195.241460682
    0.324745846    9.053814073  188.424345358
    0.328265385    9.673078810  159.144958530
    0.331784923   10.175128353  126.020469262
    0.335304462   10.592974300  115.452035071
    0.338824000   11.030371849  135.473415572
    0.342343538   11.568812830  167.349452325
    0.345863077   12.187703111  176.223412218
    0.349382615   12.756441032  136.640081522
    0.352902154   13.105037731   55.175562411
    0.356421692   13.142352132  -32.588207097
    0.359941231   12.921296344  -85.906386015
    0.363460769   12.609722315  -83.902118996
    0.366980308   12.385624107  -40.408971058
    0.370499846   12.336547891    9.786299519
    0.374019385   12.428369114   34.178137243
    0.377538923   12.541373305   23.455296153
    0.381058462   12.566217200  -13.613847722
    0.384578000   12.447148958  -54.801652494
    0.388097538   12.199681086  -84.043218221
    0.391617077   11.875755605  -99.430326428
    0.395136615   11.511593676 -108.028001647
    0.398656154   11.117306948 -116.989169597
    0.402175692   10.693499178 -124.812645286
    0.405695231   10.250438713 -128.224818972
    0.409214769    9.802588410 -126.969895335
    0.412734308    9.357846300 -127.188674343
    0.416253846    8.908682255 -130.596941753
    0.419773385    8.448312977 -132.347363889
    0.423292923    7.990359979 -127.075254844
    0.426812462    7.562811184 -116.837033583
    0.430332000    7.178870438 -103.342966266
    0.433851538    6.843531977  -88.187599601
    0.437371077    6.561547345  -72.409574461
    0.440890615    6.334768422  -59.268490778
    0.444410154    6.141255448  -53.632483607
    0.447929692    5.949180963  -59.364440083
    0.451449231    5.724743210  -69.872706813
    0.454968769    5.469063066  -74.635998054
    0.458488308    5.217553224  -67.158461597
    0.462007846    5.009793430  -52.297960503
    0.465527385    4.854780954  -38.974578189
    0.469046923    4.732289498  -33.239526389
    0.472566462    4.618919072  -32.359256420
    0.476086000    4.508664119  -31.360394477
    0.479605538    4.405482797  -28.840371188
    0.483125077    4.309400711  -28.332940272
    0.486644615    4.209898240  -30.856948546
    0.490164154    4.101370611  -31.509798117
    0.493683692    4.000195061  -26.540590138
    0.497203231    3.925252196  -17.939497023
    0.500722769    3.874081169  -15.078501123
    0.504242308    3.812382460  -22.715288818
    0.507761846    3.712643124  -35.499102988
    0.511281385    3.581733783  -36.754090842
    0.514800923    3.482837396  -18.303248145
    0.518320462    3.473450368   10.670918401
    0.521840000    3.554016030   30.560310446
    0.525359538    3.664139158   26.195247902
    0.528879077    3.724742362    5.245846136
    0.532398615    3.713452907  -11.504408226
    0.535918154    3.676572969   -6.650048199
    0.539437692    3.697040907   18.710783934
    0.542957231    3.820700554   48.199180707
    0.546476769    4.021441424   60.412993861
    0.549996308    4.215707056   44.011593958
    0.553515846    4.312299903    7.851088372
    0.557035385    4.283474018  -23.488355299
    0.560554923    4.188786314  -26.432281719
    0.564074462    4.140241764    1.821260595
    0.567594000    4.221331214   42.227171781
    0.571113538    4.429072306   70.211128783
    0.574633077    4.688798449   70.468332330
    0.578152615    4.904151147   47.081397935
    0.581672154    5.016567842   14.900675834
    0.585191692    5.021653280  -12.935271916
    0.588711231    4.950256300  -26.174806052
    0.592230769    4.861121628  -23.489509559
    0.595750308    4.810347425   -3.679980038
    0.599269846    4.856211263   29.355964557
    0.602789385    5.034864835   71.337014706
    0.606308923    5.364842140  114.113074223
    0.609828462    5.833539601  148.145266024
    0.613348000    6.393204253  164.473003208
    0.616867538    6.969254031  157.116781713
    0.620387077    7.481895029  129.973149511
    0.623906615    7.886577041   98.873554831
    0.627426154    8.205213616   85.080642817
    0.630945692    8.531993134  105.900450109
    0.634465231    8.999580178  163.756464222
    0.637984769    9.721758921  247.018173714
    0.641504308   10.748472287  332.903175739
    0.645023846   12.045938454  398.243992296
    0.648543385   13.518705584  431.031579845
    0.652062923   15.058880513  439.209187966
    0.655582462   16.613676909  443.866517475
    0.659102000   18.211777799  466.041584712
    0.662621538   19.930059715  512.158471284
    0.666141077   21.831536840  565.495909937
    0.669660615   23.900796163  604.956878997
    0.673180154   26.068171345  621.105073130
    0.676699692   28.270962224  629.717762766
    0.680219231   30.527696569  655.830030341
    0.683738769   32.928974784  710.869524314
    0.687258308   35.554415346  778.654888470
    0.690777846   38.386262908  821.373839485
    0.694297385   41.273217277  806.542278812
    0.697816923   43.988934556  724.889833658
    0.701336462   46.323640096  593.699994676
    0.704856000   48.156552560  446.533226291
    0.708375538   49.490620626  315.142021829
    0.711895077   50.423146591  220.845047014
    0.715414615   51.097135546  166.657179256
    0.718934154   51.634702039  141.574605325
    0.722453692   52.107008995  126.136655182
    0.725973231   52.522249506  107.513169397
    0.729492769   52.860226723   82.613969270
    0.733012308   53.104066848   56.051204491
    0.736531846   53.259372555   32.906288967
    0.740051385   53.345323848   16.688914453
    0.743570923   53.386195883    7.484323751
    0.747090462   53.403456480    2.919567182
    0.750610000   53.409816020    0.993909830
