#! FIELDS dist file.free der_dist
#! SET min_dist 0.201562
#! SET max_dist 0.75061
#! SET nbins_dist  157
#! SET periodic_dist false
    0.201562000   25.174562946   -0.000000000
    0.205081538   25.174198807   -0.143520182
    0.208601077   25.172993055   -0.572158498
    0.212120615   25.168574334   -2.030349934
    0.215640154   25.154661835   -6.224979979
    0.219159692   25.116396918  -16.633202461
    0.222679231   25.021837110  -39.606676505
    0.226198769   24.810301449  -85.084939577
    0.229718308   24.380642060 -165.745717998
    0.233237846   23.587649682 -293.073341099
    0.236757385   22.257900351 -469.964576213
    0.240276923   20.238039759 -680.872002460
    0.243796462   17.469350000 -886.975711202
    0.247316000   14.065885800 -1031.796634965
    0.250835538   10.339611006 -1063.139481938
    0.254355077    6.742432528 -958.526931999
    0.257874615    3.726188140 -740.718933909
    0.261394154    1.590809455 -469.557185150
    0.264913692    0.400442826 -214.523520399
    0.268433231    0.000000000  -26.592328462
    0.271952769    0.113199832   77.752535648
    0.275472308    0.469263896  116.621383458
    0.278991846    0.900907321  127.927728843
    0.282511385    1.379495596  147.587114235
    0.286030923    1.964879807  187.706959873
    0.289550462    2.706506748  231.975429847
    0.293070000    3.571245779  252.433516043
    0.296589538    4.444359608  237.292780391
    0.300109077    5.217507488  199.677988782
    0.303628615    5.862601597  169.672109228
    0.307148154    6.452549442  170.100920535
    0.310667692    7.104920880  203.848021838
    0.314187231    7.908053555  251.798444617
    0.317706769    8.859736253  282.133973865
    0.321226308    9.846054857  269.383784865
    0.324745846   10.702129306  209.182796476
    0.328265385   11.302422110  132.060501306
    0.331784923   11.665728075   81.217108125
    0.335304462   11.943730523   86.121961435
    0.338824000   12.326885355  135.465357039
    0.342343538   12.899237440  183.909783923
    0.345863077   13.570778777  186.790227850
    0.349382615   14.145000486  130.115950783
    0.352902154   14.449938555   40.894252719
    0.356421692   14.451447954  -34.697797800
    0.359941231   14.263793735  -63.553684952
    0.363460769   14.062644033  -45.380744741
    0.366980308   13.963607607  -11.992907091
    0.370499846   13.949778022   -2.512663698
    0.374019385   13.893663937  -37.242665388
    0.377538923   13.652554607 -102.656058804
    0.381058462   13.180385733 -162.115202450
    0.384578000   12.566037581 -178.071277610
    0.388097538   11.991691366 -140.124510786
    0.391617077   11.619224715  -69.405415301
    0.395136615   11.498949866   -2.726441190
    0.398656154   11.563653799   34.054888176
    0.402175692   11.702486397   40.900932615
    0.405695231   11.840406421   36.493266720
    0.409214769   11.969123452   37.974666661
    0.412734308   12.113256139   43.752130874
    0.416253846   12.263810514   36.951217938
    0.419773385   12.339789692   -0.234936255
    0.423292923   12.217621904  -74.730611104
    0.426812462   11.785911756 -173.122155406
    0.430332000   11.012575606 -263.125491721
    0.433851538    9.987935645 -309.649214448
    0.437371077    8.907865582 -293.128065931
    0.440890615    7.993932786 -219.132466563
    0.444410154    7.401173524 -116.150818550
    0.447929692    7.169514991  -20.455812217
    0.451449231    7.222351801   43.314698861
    0.454968769    7.429708529   67.867948968
    0.458488308    7.662055424   59.539490973
    0.462007846    7.823039998   28.842334947
    0.465527385    7.853784727  -13.272454696
    0.469046923    7.731566807  -55.386811188
    0.472566462    7.478437981  -85.278247681
    0.476086000    7.155740975  -94.999990198
    0.479605538    6.835406833  -85.004623214
    0.483125077    6.571782884  -65.239264755
    0.486644615    6.381124609  -44.431325450
    0.490164154    6.261700423  -24.031619979
    0.493683692    6.215206975   -2.899043584
    0.497203231    6.238397665   13.703241465
    0.500722769    6.291686515   11.416585468
    0.504242308    6.287567061  -18.392615605
    0.507761846    6.142650027  -65.472136547
    0.511281385    5.844896170  -98.743460179
    0.514800923    5.498721320  -90.735709841
    0.518320462    5.262085238  -39.157490472
    0.521840000    5.248063001   30.588351659
    0.525359538    5.458623379   82.800310667
    0.528879077    5.790701222   99.090545907
    0.532398615    6.122655042   84.504371493
    0.535918154    6.378670587   60.934624128
    0.539437692    6.564317056   45.581514528
    0.542957231    6.717228285   41.006284814
    0.546476769    6.852501410   34.134270232
    0.549996308    6.937844809   11.133581866
    0.553515846    6.917475584  -23.681991065
    0.557035385    6.787162741  -47.579589028
    0.560554923    6.629204045  -36.292106171
    0.564074462    6.578128798   11.715325821
    0.567594000    6.729933735   73.056762601
    0.571113538    7.074696847  117.061239159
    0.574633077    7.512025386  124.199634841
    0.578152615    7.911441801   97.647326373
    0.581672154    8.182694022   54.587564934
    0.585191692    8.299554574   11.256512304
    0.588711231    8.276422414  -23.121509555
    0.592230769    8.146206201  -50.766725928
    0.595750308    7.926397805  -73.396525255
    0.599269846    7.637804788  -90.292204156
    0.602789385    7.313264934  -91.696513576
    0.606308923    7.027026663  -66.216276698
    0.609828462    6.887573387   -8.502981261
    0.613348000    7.001627326   76.184422544
    0.616867538    7.438769998  171.689135570
    0.620387077    8.205780624  260.840943107
    0.623906615    9.255459779  331.204991831
    0.627426154   10.510792218  376.958147157
    0.630945692   11.882076338  397.929936053
    0.634465231   13.282384312  393.049077983
    0.637984769   14.620122186  361.751893207
    0.641504308   15.802238916  305.810901147
    0.645023846   16.754061466  233.007497308
    0.648543385   17.448415078  163.033950129
    0.652062923   17.942078414  123.502589639
    0.655582462   18.381856687  134.612649191
    0.659102000   18.949844663  192.880440968
    0.662621538   19.764896552  269.474974850
    0.666141077   20.820517797  322.660800104
    0.669660615   21.979221173  326.330967292
    0.673180154   23.059619365  279.853604110
    0.676699692   23.919137160  205.900174692
    0.680219231   24.508897314  130.884724849
    0.683738769   24.860753469   72.002598521
    0.687258308   25.042859008   34.617598064
    0.690777846   25.125368792   14.600137105
    0.694297385   25.158260626    5.393708970
    0.697816923   25.170463890    1.469350097
    0.701336462   25.174562946   -0.000000000
    0.704856000   25.174562946   -0.000000000
    0.708375538   25.174562946   -0.000000000
    0.711895077   25.174562946   -0.000000000
    0.715414615   25.174562946   -0.000000000
    0.718934154   25.174562946   -0.000000000
    0.722453692   25.174562946   -0.000000000
    0.725973231   25.174562946   -0.000000000
    0.729492769   25.174562946   -0.000000000
    0.733012308   25.174562946   -0.000000000
    0.736531846   25.174562946   -0.000000000
    0.740051385   25.174562946   -0.000000000
    0.743570923   25.174562946   -0.000000000
    0.747090462   25.174562946   -0.000000000
    0.750610000   25.174562946   -0.000000000
