#! FIELDS dist file.free der_dist
#! SET min_dist 0.201562
#! SET max_dist 0.75061
#! SET nbins_dist  157
#! SET periodic_dist false
    0.201562000   54.508819981   -0.635542558
    0.205081538   54.502166907   -3.054110640
    0.208601077   54.479873053  -10.395333770
    0.212120615   54.412644310  -30.305409159
    0.215640154   54.232436473  -77.707872485
    0.219159692   53.803456162 -176.316464021
    0.222679231   52.895350801 -354.937204724
    0.226198769   51.182117331 -635.766265419
    0.229718308   48.301791968 -1014.157026155
    0.233237846   43.980931858 -1442.581413855
    0.236757385   38.190095544 -1832.195335961
    0.240276923   31.250570269 -2079.203604997
    0.243796462   23.811322886 -2107.845084801
    0.247316000   16.686747876 -1904.269615425
    0.250835538   10.613067574 -1524.660841280
    0.254355077    6.039654247 -1070.633342567
    0.257874615    3.035903401 -648.709093156
    0.261394154    1.345850524 -332.022893654
    0.264913692    0.546687818 -141.877578671
    0.268433231    0.222958346  -55.484605877
    0.271952769    0.085063037  -28.239024287
    0.275472308    0.006721292  -14.992252055
    0.278991846    0.000000000   16.370084662
    0.282511385    0.160166268   79.112870491
    0.286030923    0.588407417  164.725575436
    0.289550462    1.320642016  246.574243855
    0.293070000    2.291311498  295.508164483
    0.296589538    3.355278101  299.533464767
    0.300109077    4.363225006  266.791101286
    0.303628615    5.222197523  219.586344449
    0.307148154    5.923889790  179.535766805
    0.310667692    6.521798682  162.790563527
    0.314187231    7.107959907  172.535632096
    0.317706769    7.760918267  196.752875393
    0.321226308    8.492992393  214.477547163
    0.324745846    9.244134763  204.242995691
    0.328265385    9.907980650  168.211380489
    0.331784923   10.427422217  126.645475273
    0.335304462   10.832410860  107.615686293
    0.338824000   11.229285195  120.584361736
    0.342343538   11.707125751  148.416520363
    0.345863077   12.258623464  157.637525798
    0.349382615   12.769869556  123.251221447
    0.352902154   13.086176775   50.596410052
    0.356421692   13.124649810  -27.619711540
    0.359941231   12.934925435  -73.709539561
    0.363460769   12.672323915  -69.178477815
    0.366980308   12.497142401  -28.079739701
    0.370499846   12.481947658   16.334717289
    0.374019385   12.585206336   34.180739300
    0.377538923   12.688780606   18.456374451
    0.381058462   12.690870409  -21.113368572
    0.384578000   12.544492757  -62.518662118
    0.388097538   12.272367853  -90.101289969
    0.391617077   11.932827661 -101.974151878
    0.395136615   11.568791898 -105.210522691
    0.398656154   11.195637718 -107.847766182
    0.402175692   10.813859948 -110.483878714
    0.405695231   10.425526401 -112.206248766
    0.409214769   10.030435824 -113.760963626
    0.412734308    9.622000893 -120.125904680
    0.416253846    9.185477033 -130.390045019
    0.419773385    8.716336174 -137.092225718
    0.423292923    8.237243754 -133.968136509
    0.426812462    7.784392268 -124.274755627
    0.430332000    7.372595771 -112.064433353
    0.433851538    7.000972360 -100.546150399
    0.437371077    6.666295071  -90.215023784
    0.440890615    6.367894881  -81.867174036
    0.444410154    6.091012536  -77.720234898
    0.447929692    5.818211400  -80.428871124
    0.451449231    5.530532652  -84.317112895
    0.454968769    5.238077651  -81.088720906
    0.458488308    4.976928151  -66.460482107
    0.462007846    4.781376043  -46.447599519
    0.465527385    4.653137420  -29.931212202
    0.469046923    4.566088559  -22.368336961
    0.472566462    4.492742365  -20.667504681
    0.476086000    4.423234558  -20.166059492
    0.479605538    4.355830455  -20.112807858
    0.483125077    4.282817547  -24.352264999
    0.486644615    4.186256811  -33.433193267
    0.490164154    4.056221180  -41.152843881
    0.493683692    3.910335207  -42.016430707
    0.497203231    3.774798434  -36.319699725
    0.500722769    3.659729306  -32.345457380
    0.504242308    3.545293093  -34.862610120
    0.507761846    3.415850865  -40.058508992
    0.511281385    3.282676798  -33.676306547
    0.514800923    3.205212309   -9.703714326
    0.518320462    3.231816240   22.024865817
    0.521840000    3.353674458   42.324656111
    0.525359538    3.502974824   36.299036501
    0.528879077    3.592419233   10.962780430
    0.532398615    3.588204275  -13.899166240
    0.535918154    3.523915635  -20.160257170
    0.539437692    3.476864397   -5.797483577
    0.542957231    3.501305894   17.430556243
    0.546476769    3.594206886   31.222132074
    0.549996308    3.699769053   23.710007096
    0.553515846    3.746231882   -0.284999046
    0.557035385    3.708240203  -21.260243003
    0.560554923    3.632315472  -18.969846428
    0.564074462    3.611379910    9.266107058
    0.567594000    3.714170981   46.851384308
    0.571113538    3.933345882   72.293298998
    0.574633077    4.199184767   72.349158003
    0.578152615    4.424789458   51.380010485
    0.581672154    4.558912182   22.976978723
    0.585191692    4.598390503   -1.815860710
    0.588711231    4.567953977  -14.632850662
    0.592230769    4.515186926  -15.050340667
    0.595750308    4.484292173   -1.261608007
    0.599269846    4.526378640   24.835856581
    0.602789385    4.679256400   61.671365762
    0.606308923    4.972289858  103.533582562
    0.609828462    5.409601293  141.668191850
    0.613348000    5.959688460  165.869228486
    0.616867538    6.557056841  167.837587700
    0.620387077    7.122869175  149.119438630
    0.623906615    7.607074268  124.477303816
    0.627426154    8.023641613  114.628840639
    0.630945692    8.456890097  136.128157068
    0.634465231    9.025860113  190.304312056
    0.637984769    9.827800069  265.026131525
    0.641504308   10.897459872  338.909208970
    0.645023846   12.194293652  392.135804756
    0.648543385   13.628925877  416.239646888
    0.652062923   15.109264125  420.876033394
    0.655582462   16.599605543  425.792140229
    0.659102000   18.135388596  448.322610605
    0.662621538   19.786737393  491.026374307
    0.666141077   21.600716296  536.127487319
    0.669660615   23.548119070  564.958194775
    0.673180154   25.558593536  572.661505386
    0.676699692   27.585140942  579.338412886
    0.680219231   29.673845048  612.184500560
    0.683738769   31.945591192  682.038427840
    0.687258308   34.503817458  769.830327377
    0.690777846   37.342274677  833.842368938
    0.694297385   40.308558077  838.701226765
    0.697816923   43.168762823  774.439582104
    0.701336462   45.705940021  658.865734376
    0.704856000   47.792532899  524.863634007
    0.708375538   49.418008334  401.114465991
    0.711895077   50.653634834  305.412194430
    0.715414615   51.608224124  239.977212046
    0.718934154   52.373986491  197.146415582
    0.722453692   53.008401725  162.839665189
    0.725973231   53.524046407  128.638082948
    0.729492769   53.916376114   93.184928321
    0.733012308   54.185986150   60.610196165
    0.736531846   54.351741709   34.659208072
    0.740051385   54.441489021   17.277270544
    0.743570923   54.484007958    7.484323751
    0.747090462   54.501268555    2.919567182
    0.750610000   54.507628096    0.993909830
