#! FIELDS dist file.free der_dist
#! SET min_dist 0.201562
#! SET max_dist 0.75061
#! SET nbins_dist  157
#! SET periodic_dist false
    0.201562000   41.052046098   -0.067739624
    0.205081538   41.050201766   -0.786567986
    0.208601077   41.043628065   -3.111568937
    0.212120615   41.021577413  -10.189691172
    0.215640154   40.956745056  -28.842442720
    0.219159692   40.788526704  -71.603168998
    0.222679231   40.401121937 -157.153435064
    0.226198769   39.604934111 -307.137080514
    0.229718308   38.144525945 -535.671169831
    0.233237846   35.747527451 -835.813357982
    0.236757385   32.219548118 -1169.087912476
    0.240276923   27.558393103 -1466.674481369
    0.243796462   22.030890805 -1648.356079810
    0.247316000   16.165040623 -1651.918174439
    0.250835538   10.629201364 -1463.043517871
    0.254355077    6.040779879 -1125.652006481
    0.257874615    2.775903125 -727.569513941
    0.261394154    0.875613912 -364.572169211
    0.264913692    0.086730408 -103.557303700
    0.268433231    0.000000000   34.926277436
    0.271952769    0.211977636   72.582755614
    0.275472308    0.447070355   56.942486127
    0.278991846    0.610694370   40.323948726
    0.282511385    0.773193259   59.530851080
    0.286030923    1.080166057  119.582531418
    0.289550462    1.635003075  194.007547480
    0.293070000    2.421704419  244.861118013
    0.296589538    3.313789869  252.952147081
    0.300109077    4.167857758  227.212353540
    0.303628615    4.911392560  195.848014916
    0.307148154    5.574844527  183.689124167
    0.310667692    6.245558894  200.203334220
    0.314187231    7.010167691  234.281030243
    0.317706769    7.890319251  260.310110949
    0.321226308    8.811142678  255.246017394
    0.324745846    9.644207250  210.130559848
    0.328265385   10.275699705  147.321340630
    0.331784923   10.707544839  102.695352251
    0.335304462   11.059559322  105.334762414
    0.338824000   11.504611290  151.040941156
    0.342343538   12.136617391  203.194859032
    0.345863077   12.891898701  214.847459909
    0.349382615   13.572267837  159.111767987
    0.352902154   13.952305729   49.809554679
    0.356421692   13.918638216  -66.450631990
    0.359941231   13.541095382 -138.080965454
    0.363460769   13.037688224 -136.930893091
    0.366980308   12.652237931  -75.873994478
    0.370499846   12.527160858    3.506916905
    0.374019385   12.647140568   55.427153708
    0.377538923   12.863870699   58.349966332
    0.381058462   13.007539672   16.526587699
    0.384578000   12.962888114  -43.836742012
    0.388097538   12.711807655  -96.385356828
    0.391617077   12.310573862 -128.770300622
    0.395136615   11.831654781 -140.820327192
    0.398656154   11.338934375 -137.064299412
    0.402175692   10.886615450 -118.531446050
    0.405695231   10.521606418  -89.391963585
    0.409214769   10.263289204  -59.348346792
    0.412734308   10.088667090  -43.752354355
    0.416253846    9.933386087  -49.828658620
    0.419773385    9.724348741  -72.145347122
    0.423292923    9.420571990 -100.966936751
    0.426812462    9.015279523 -129.857399039
    0.430332000    8.520275643 -151.446844723
    0.433851538    7.972172513 -157.373081930
    0.437371077    7.439337619 -141.677950692
    0.440890615    7.000310276 -107.039842617
    0.444410154    6.696627183  -66.929831801
    0.447929692    6.517914634  -39.736205867
    0.451449231    6.399732673  -31.871571753
    0.454968769    6.280206639  -37.908115813
    0.458488308    6.132454510  -46.085876580
    0.462007846    5.964295926  -49.929724639
    0.465527385    5.792200265  -49.283600837
    0.469046923    5.621260659  -49.097958348
    0.472566462    5.442871686  -53.447200154
    0.476086000    5.238921227  -64.431234796
    0.479605538    4.988095263  -79.622090149
    0.483125077    4.686393523  -92.072987931
    0.486644615    4.363368038  -90.111526313
    0.490164154    4.086349156  -64.144374992
    0.493683692    3.938480270  -18.847981981
    0.497203231    3.958763328   26.866535608
    0.500722769    4.104667443   48.987762608
    0.504242308    4.267132365   37.435145568
    0.507761846    4.344731308    3.527259698
    0.511281385    4.303354101  -24.508304780
    0.514800923    4.206096933  -27.748994894
    0.518320462    4.140354628   -9.154657672
    0.521840000    4.148723851   11.448242003
    0.525359538    4.203406911   14.767828478
    0.528879077    4.238449761    2.223287103
    0.532398615    4.224876126  -10.437052724
    0.535918154    4.190571158   -6.822909574
    0.539437692    4.201880864   13.664729821
    0.542957231    4.296184080   36.978674016
    0.546476769    4.446315987   43.634497767
    0.549996308    4.573522259   23.494034872
    0.553515846    4.595769192  -12.598988843
    0.557035385    4.502086587  -38.294235251
    0.560554923    4.373748461  -29.432309741
    0.564074462    4.341478541   14.763923765
    0.567594000    4.495666550   70.697369666
    0.571113538    4.822377715  108.492391751
    0.574633077    5.220706510  109.872785048
    0.578152615    5.563936800   79.808883394
    0.581672154    5.773101757   37.533248656
    0.585191692    5.841968715    1.782374074
    0.588711231    5.815003115  -14.367683341
    0.592230769    5.767398502  -10.959473409
    0.595750308    5.759656027    7.878332647
    0.599269846    5.833282022   32.323257700
    0.602789385    5.991099259   55.080542151
    0.606308923    6.217415179   71.217875680
    0.609828462    6.487845202   80.026888085
    0.613348000    6.780074349   83.973472244
    0.616867538    7.080712571   85.317019749
    0.620387077    7.387277080   88.330752062
    0.623906615    7.720150463  101.680873821
    0.627426154    8.133336826  136.219838473
    0.630945692    8.716645934  199.235804440
    0.634465231    9.565112779  284.047694788
    0.637984769   10.723088475  370.173310421
    0.641504308   12.143928761  428.967360095
    0.645023846   13.689102383  439.395973746
    0.648543385   15.186408500  403.714272016
    0.652062923   16.517759498  351.744331757
    0.655582462   17.696269081  323.451002935
    0.659102000   18.862554896  346.840286777
    0.662621538   20.206547539  423.043028940
    0.666141077   21.875652132  525.407726647
    0.669660615   23.900394607  619.988516023
    0.673180154   26.202382329  678.967408545
    0.676699692   28.630588972  691.921167282
    0.680219231   31.025266552  661.382577278
    0.683738769   33.253199294  599.018805776
    0.687258308   35.225244502  518.674016118
    0.690777846   36.897108819  429.627709192
    0.694297385   38.249906706  338.401762505
    0.697816923   39.285179328  249.791533399
    0.701336462   40.023174115  169.752951011
    0.704856000   40.503420609  105.170416425
    0.708375538   40.787160448   58.388481189
    0.711895077   40.937013335   28.868955280
    0.715414615   41.008385193   12.251531346
    0.718934154   41.036922716    4.776810315
    0.722453692   41.047418531    1.661697271
    0.725973231   41.051157129    0.393291714
    0.729492769   41.052208464   -0.000000000
    0.733012308   41.052208464   -0.000000000
    0.736531846   41.052208464   -0.000000000
    0.740051385   41.052208464   -0.000000000
    0.743570923   41.052208464   -0.000000000
    0.747090462   41.052208464   -0.000000000
    0.750610000   41.052208464   -0.000000000
