#! FIELDS dist file.free der_dist
#! SET min_dist 0.201562
#! SET max_dist 0.75061
#! SET nbins_dist  157
#! SET periodic_dist false
    0.201562000   39.098685279   -0.067739624
    0.205081538   39.097099674   -0.684164855
    0.208601077   39.091396854   -2.697658659
    0.212120615   39.072325903   -8.809190173
    0.215640154   39.016188933  -24.952659234
    0.219159692   38.870447269  -62.030316505
    0.222679231   38.534420707 -136.422694636
    0.226198769   37.841887679 -267.611311378
    0.229718308   36.565457524 -469.525324152
    0.233237846   34.455091645 -739.007551983
    0.236757385   31.316848444 -1046.103909637
    0.240276923   27.113488823 -1332.951088431
    0.243796462   22.041607006 -1527.417469602
    0.247316000   16.543597227 -1567.195834759
    0.250835538   11.220259636 -1428.063587653
    0.254355077    6.668145725 -1138.388781144
    0.257874615    3.296030952 -772.429146956
    0.261394154    1.212391832 -420.468534444
    0.264913692    0.234358832 -152.915254936
    0.268433231    0.000000000    1.150084528
    0.271952769    0.123153573   55.576378136
    0.275472308    0.323931727   53.830708012
    0.278991846    0.496267476   47.892040639
    0.282511385    0.700914426   75.635741492
    0.286030923    1.077230320  142.690925949
    0.289550462    1.722225305  221.783322386
    0.293070000    2.609576651  273.747939511
    0.296589538    3.598861069  278.754847301
    0.300109077    4.533018190  246.567565642
    0.303628615    5.330847580  207.320515412
    0.307148154    6.021147831  187.679385085
    0.310667692    6.693900606  197.530709105
    0.314187231    7.437206222  224.666197756
    0.317706769    8.268277254  241.614210524
    0.321226308    9.102750392  224.452269532
    0.324745846    9.803687750  166.005141592
    0.328265385   10.260322337   93.110870835
    0.331784923   10.496121347   47.436763769
    0.335304462   10.669996746   61.630178632
    0.338824000   10.998725355  130.214727962
    0.342343538   11.606578754  210.636552863
    0.345863077   12.435429085  248.437412450
    0.349382615   13.269348611  211.359961284
    0.352902154   13.852915598  111.829727442
    0.356421692   14.042354153   -2.933768553
    0.359941231   13.879820826  -80.515156649
    0.363460769   13.556713547  -93.314727933
    0.366980308   13.288490342  -53.962316141
    0.370499846   13.194028561   -1.279558373
    0.374019385   13.251273763   25.571317392
    0.377538923   13.332111489   13.161190921
    0.381058462   13.311446054  -29.090280786
    0.384578000   13.126351397  -76.121721574
    0.388097538   12.796211476 -108.529011902
    0.391617077   12.386633483 -122.145165145
    0.395136615   11.955814838 -121.120275570
    0.398656154   11.547352268 -109.389561907
    0.402175692   11.202750698  -84.987025540
    0.405695231   10.965038970  -50.744828248
    0.409214769   10.848490176  -18.046682032
    0.412734308   10.815848241   -5.368709112
    0.416253846   10.779968357  -21.414195087
    0.419773385   10.645265722  -58.698753656
    0.423292923   10.359973458 -103.667961075
    0.426812462    9.920314213 -145.971197473
    0.430332000    9.352784855 -175.528592551
    0.433851538    8.715822627 -182.425791243
    0.437371077    8.103493833 -160.548774050
    0.440890615    7.617157859 -114.395995689
    0.444410154    7.309785019  -62.089165663
    0.447929692    7.162474483  -27.928721282
    0.451449231    7.084790476  -22.253063929
    0.454968769    6.982968951  -38.199169687
    0.458488308    6.812085065  -58.591308213
    0.462007846    6.583489923  -70.576739227
    0.465527385    6.335207745  -70.532315435
    0.469046923    6.099976984  -63.145853083
    0.472566462    5.894296741  -53.869566361
    0.476086000    5.720504786  -46.021695830
    0.479605538    5.572785258  -39.046562047
    0.483125077    5.452877732  -29.764817643
    0.486644615    5.379160731  -12.264271498
    0.490164154    5.387087412   17.797925522
    0.493683692    5.514038469   53.210304666
    0.497203231    5.751382581   76.616647852
    0.500722769    6.021373279   69.191252316
    0.504242308    6.201862766   28.152498258
    0.507761846    6.204917954  -27.768110159
    0.511281385    6.032496766  -65.374990367
    0.514800923    5.793668568  -65.318613661
    0.518320462    5.614709461  -35.002264944
    0.521840000    5.556254943   -0.882736426
    0.525359538    5.587094546   12.930474390
    0.528879077    5.628169115    7.072532058
    0.532398615    5.640393045   -0.583631168
    0.535918154    5.648790006    7.662567152
    0.539437692    5.717109997   31.251997110
    0.542957231    5.872150867   53.124377235
    0.546476769    6.068077751   52.760937910
    0.549996308    6.209582073   22.520602847
    0.553515846    6.212091967  -22.045098469
    0.557035385    6.078226025  -50.515926888
    0.560554923    5.911323907  -38.298987074
    0.564074462    5.857935493   11.744520961
    0.567594000    6.007794899   70.558461850
    0.571113538    6.329442225  104.792068486
    0.574633077    6.700152532   97.636727882
    0.578152615    6.985304471   59.833567251
    0.581672154    7.120758849   17.425783812
    0.585191692    7.133461251   -8.390186548
    0.588711231    7.098392688   -8.143522075
    0.592230769    7.100008646    9.863100134
    0.595750308    7.178052214   33.842391975
    0.599269846    7.333605041   51.204812513
    0.602789385    7.531826333   58.542382329
    0.606308923    7.742508364   59.811956438
    0.609828462    7.959043769   62.923677385
    0.613348000    8.199007048   73.570814256
    0.616867538    8.487868690   89.830991899
    0.620387077    8.837223949  107.428008019
    0.623906615    9.250226860  126.079311127
    0.627426154    9.739150308  152.543443529
    0.630945692   10.347247291  195.504671974
    0.634465231   11.137741881  254.733327161
    0.637984769   12.151025854  318.753360288
    0.641504308   13.368855161  367.924031970
    0.645023846   14.707980879  386.517014329
    0.648543385   16.059597095  376.492686777
    0.652062923   17.357391065  361.052167512
    0.655582462   18.635783195  370.286592864
    0.659102000   20.020454440  421.942957921
    0.662621538   21.655084300  510.256583858
    0.666141077   23.625543366  606.717181671
    0.669660615   25.903054926  680.348942724
    0.673180154   28.364678182  708.072347651
    0.676699692   30.829386912  682.653031726
    0.680219231   33.114199570  607.412800254
    0.683738769   35.065961252  495.804468329
    0.687258308   36.590039056  368.740292968
    0.690777846   37.671142005  247.352227292
    0.694297385   38.361021952  148.657405335
    0.697816923   38.755265308   79.373736265
    0.701336462   38.956287912   37.182314005
    0.704856000   39.045629897   15.572117599
    0.708375538   39.081434458    5.635378947
    0.711895077   39.093907907    1.754103094
    0.715414615   39.098243874    0.230625859
    0.718934154   39.098847645   -0.000000000
    0.722453692   39.098847645   -0.000000000
    0.725973231   39.098847645   -0.000000000
    0.729492769   39.098847645   -0.000000000
    0.733012308   39.098847645   -0.000000000
    0.736531846   39.098847645   -0.000000000
    0.740051385   39.098847645   -0.000000000
    0.743570923   39.098847645   -0.000000000
    0.747090462   39.098847645   -0.000000000
    0.750610000   39.098847645   -0.000000000
