#! FIELDS dist file.free der_dist
#! SET min_dist 0.201562
#! SET max_dist 0.75061
#! SET nbins_dist  157
#! SET periodic_dist false
    0.201562000   57.311898520   -0.868764096
    0.205081538   57.303327062   -3.940591639
    0.208601077   57.275248719  -13.038328895
    0.212120615   57.192253832  -37.179280791
    0.215640154   56.973918809  -93.474615430
    0.219159692   56.463524700 -208.176888597
    0.222679231   55.402259624 -411.504089396
    0.226198769   53.435941058 -723.662416976
    0.229718308   50.190296105 -1132.864775878
    0.233237846   45.412902414 -1580.297317664
    0.236757385   39.135625940 -1966.570814969
    0.240276923   31.766864361 -2184.800906718
    0.243796462   24.034042559 -2167.388002134
    0.247316000   16.784721075 -1916.977500360
    0.250835538   10.727716722 -1505.998303128
    0.254355077    6.241545962 -1043.493171929
    0.257874615    3.319020042 -632.018974666
    0.261394154    1.655766897 -333.756409962
    0.264913692    0.821044767 -159.169351599
    0.268433231    0.421347531  -79.758928078
    0.271952769    0.198556055  -50.988844800
    0.275472308    0.050735807  -31.235247380
    0.278991846    0.000000000    7.237256435
    0.282511385    0.137493105   74.591792152
    0.286030923    0.552226063  160.646340542
    0.289550462    1.265555533  239.329538407
    0.293070000    2.202614554  283.624375030
    0.296589538    3.218401825  284.518331887
    0.300109077    4.173874828  252.656596010
    0.303628615    4.991807891  211.089736170
    0.307148154    5.678688305  179.822293090
    0.310667692    6.294087077  172.138692644
    0.314187231    6.925764955  188.352466413
    0.317706769    7.639826705  214.811566730
    0.321226308    8.433120570  230.460703154
    0.324745846    9.232207355  214.993017343
    0.328265385    9.922370724  172.203112385
    0.331784923   10.444121565  124.035124869
    0.335304462   10.830889894  100.171463440
    0.338824000   11.197778873  111.583085148
    0.342343538   11.647402918  141.974735357
    0.345863077   12.187392738  158.090524302
    0.349382615   12.717845037  134.026069817
    0.352902154   13.092768098   72.961435524
    0.356421692   13.227913335    4.177588575
    0.359941231   13.158596685  -38.455956401
    0.363460769   13.014182611  -38.717895208
    0.366980308   12.926945643   -9.584152630
    0.370499846   12.951566127   20.507506925
    0.374019385   13.048817104   27.496620860
    0.377538923   13.119955349    7.788066056
    0.381058462   13.086485280  -30.165059684
    0.384578000   12.913287611  -69.202537601
    0.388097538   12.616143397  -98.679585734
    0.391617077   12.234179657 -118.527548240
    0.395136615   11.792428126 -133.086299867
    0.398656154   11.303825518 -144.809753358
    0.402175692   10.786529163 -149.069460739
    0.405695231   10.273997901 -142.682661109
    0.409214769    9.798333725 -128.112543169
    0.412734308    9.373452657 -115.078959759
    0.416253846    8.986487328 -108.160530561
    0.419773385    8.617156117 -104.020158542
    0.423292923    8.261616111  -98.310968444
    0.426812462    7.927173233  -93.900312128
    0.430332000    7.604577836  -92.454097477
    0.433851538    7.279710303  -93.571005788
    0.437371077    6.950085521  -93.754375614
    0.440890615    6.628379024  -90.614907556
    0.444410154    6.320773983  -85.700251808
    0.447929692    6.027798002  -83.643288011
    0.451449231    5.738221050  -82.612786384
    0.454968769    5.456375466  -77.576421135
    0.458488308    5.204506768  -65.521268888
    0.462007846    5.002728101  -51.407346899
    0.465527385    4.845157621  -41.579299392
    0.469046923    4.707782875  -38.888152980
    0.472566462    4.573225276  -38.307414150
    0.476086000    4.445841714  -34.950439373
    0.479605538    4.335533293  -29.523586299
    0.483125077    4.239214334  -28.537271824
    0.486644615    4.134387866  -34.537173096
    0.490164154    4.002286659  -41.607997221
    0.493683692    3.854308619  -42.806746485
    0.497203231    3.716962984  -36.327817552
    0.500722769    3.606274177  -29.638846627
    0.504242308    3.507284409  -29.059965044
    0.507761846    3.400533002  -33.709437320
    0.511281385    3.283896106  -31.504228604
    0.514800923    3.200815243  -15.541792416
    0.518320462    3.192553691    8.391427942
    0.521840000    3.259186000   25.461146353
    0.525359538    3.352949164   22.497598486
    0.528879077    3.406178728    4.507606595
    0.532398615    3.393787897  -12.360960989
    0.535918154    3.346523903  -12.540868936
    0.539437692    3.333714796    5.658801248
    0.542957231    3.403229007   31.320133885
    0.546476769    3.548551143   46.914414259
    0.549996308    3.711734359   40.492843593
    0.553515846    3.817856087   16.539388227
    0.557035385    3.837323805   -5.692770583
    0.560554923    3.812358368   -5.814370418
    0.564074462    3.832595187   19.339640124
    0.567594000    3.965564849   53.839784581
    0.571113538    4.204976077   76.839523561
    0.574633077    4.484091426   75.458762402
    0.578152615    4.719794600   54.063003803
    0.581672154    4.863637139   25.707527748
    0.585191692    4.912446854    0.462367537
    0.588711231    4.887200312  -14.361289604
    0.592230769    4.829160368  -18.690654623
    0.595750308    4.777271030   -9.645642060
    0.599269846    4.783276875   13.013727856
    0.602789385    4.893050506   49.546698707
    0.606308923    5.148324405   94.665424842
    0.609828462    5.564176616  138.499458372
    0.613348000    6.114339516  168.953269496
    0.616867538    6.732441357  176.153516199
    0.620387077    7.333989794  160.639108115
    0.623906615    7.860808576  136.638329841
    0.627426154    8.317627484  124.898605399
    0.630945692    8.780990279  142.634680950
    0.634465231    9.365152288  192.424039797
    0.637984769   10.167764881  263.400416373
    0.641504308   11.227173103  334.851411521
    0.645023846   12.507325517  386.759938780
    0.648543385   13.921805522  410.053385396
    0.652062923   15.379526659  414.160707910
    0.655582462   16.846148557  419.070496904
    0.659102000   18.360319892  443.070019413
    0.662621538   19.998406971  489.012585225
    0.666141077   21.812672831  538.077018526
    0.669660615   23.770983399  568.333349191
    0.673180154   25.787231875  571.225801384
    0.676699692   27.788520993  565.021119426
    0.680219231   29.794970727  579.103030269
    0.683738769   31.916648864  630.452196358
    0.687258308   34.273078947  708.951763236
    0.690777846   36.906811014  782.022817152
    0.694297385   39.741682021  819.683656526
    0.697816923   42.625496913  809.583248569
    0.701336462   45.396768346  756.525645123
    0.704856000   47.924342112  674.293707509
    0.708375538   50.128842970  575.261984252
    0.711895077   51.973570360  472.286608448
    0.715414615   53.465480340  375.415445060
    0.718934154   54.636707870  291.684172657
    0.722453692   55.535915149  220.031185290
    0.725973231   56.202146033  158.756642763
    0.729492769   56.669407234  106.994912274
    0.733012308   56.971392700   66.215074900
    0.736531846   57.149775489   36.576695911
    0.740051385   57.243657397   17.843670794
    0.743570923   57.287706313    7.484323751
    0.747090462   57.304966910    2.919567182
    0.750610000   57.311326450    0.993909830
