#! FIELDS dist file.free der_dist
#! SET min_dist 0.201562
#! SET max_dist 0.75061
#! SET nbins_dist  157
#! SET periodic_dist false
    0.201562000   50.750057283   -0.313088772
    0.205081538   50.745957540   -1.860457813
    0.208601077   50.731540924   -6.796649154
    0.212120615   50.685867556  -20.894977907
    0.215640154   50.557945581  -56.050780415
    0.219159692   50.241059358 -132.374603265
    0.222679231   49.544769249 -276.505643023
    0.226198769   48.183844405 -512.908846602
    0.229718308   45.817345744 -846.087938139
    0.233237846   42.149127389 -1243.607738733
    0.236757385   37.071481102 -1631.779035321
    0.240276923   30.786813250 -1913.366729005
    0.243796462   23.826551041 -2004.799460165
    0.247316000   16.939162699 -1871.844579032
    0.250835538   10.875115146 -1547.440951151
    0.254355077    6.167783554 -1118.512830334
    0.257874615    2.996889875 -691.591029289
    0.261394154    1.193382911 -352.050244125
    0.264913692    0.368551789 -137.401018589
    0.268433231    0.089848053  -36.659057810
    0.271952769    0.023318348   -8.666493223
    0.275472308    0.000000000   -4.442645944
    0.278991846    0.008856242   15.089168751
    0.282511385    0.146718936   68.643237552
    0.286030923    0.529320983  150.488719131
    0.289550462    1.211767058  233.403210254
    0.293070000    2.142681772  286.570366247
    0.296589538    3.185207997  296.494546866
    0.300109077    4.193613880  270.221897217
    0.303628615    5.075173283  228.863594534
    0.307148154    5.816867525  192.620440192
    0.310667692    6.462987493  176.748460339
    0.314187231    7.095699588  184.892598264
    0.317706769    7.787422701  206.436849873
    0.321226308    8.548404584  221.306889592
    0.324745846    9.317288517  207.400164562
    0.328265385    9.983424545  166.314881834
    0.331784923   10.486914498  119.890185944
    0.335304462   10.864797419  100.097921591
    0.338824000   11.244012566  119.515369485
    0.342343538   11.738407689  159.522896653
    0.345863077   12.350309865  180.047046908
    0.349382615   12.947112311  147.393411917
    0.352902154   13.329629048   61.691534131
    0.356421692   13.365156495  -41.468454601
    0.359941231   13.077723937 -114.646597369
    0.363460769   12.636481159 -127.096636754
    0.366980308   12.251992411  -86.035514573
    0.370499846   12.056281506  -26.054249497
    0.374019385   12.049645152   14.730551035
    0.377538923   12.123438263   20.168243994
    0.381058462   12.158215958   -5.629322398
    0.384578000   12.077631015  -41.874814879
    0.388097538   11.875483895  -72.019398917
    0.391617077   11.585145495  -92.973175535
    0.395136615   11.228780481 -110.329538437
    0.398656154   10.808190405 -129.442144287
    0.402175692   10.323657120 -146.292459806
    0.405695231    9.794417323 -154.757513762
    0.409214769    9.252739075 -152.745748563
    0.412734308    8.726773548 -146.805748983
    0.416253846    8.223365480 -141.679229110
    0.419773385    7.736505996 -136.872310493
    0.423292923    7.266322353 -130.485946250
    0.426812462    6.819797661 -124.981448618
    0.430332000    6.393715744 -119.189751988
    0.433851538    5.990589770 -110.177312348
    0.437371077    5.627740803  -95.196471237
    0.440890615    5.328108484  -76.912165690
    0.444410154    5.087231759  -62.539876042
    0.447929692    4.879244012  -59.715694566
    0.451449231    4.664016187  -64.928182037
    0.454968769    4.428573700  -68.778848857
    0.458488308    4.193550797  -64.035795865
    0.462007846    3.988746932  -53.849931976
    0.465527385    3.820110669  -44.836702328
    0.469046923    3.672176823  -41.215475852
    0.472566462    3.531274290  -39.491636314
    0.476086000    3.400845217  -35.363802768
    0.479605538    3.289704787  -29.492217824
    0.483125077    3.194924860  -27.269888593
    0.486644615    3.098782387  -30.328466507
    0.490164154    2.989319218  -32.487159697
    0.493683692    2.883340385  -27.881793092
    0.497203231    2.806703229  -17.029586927
    0.500722769    2.766121629   -9.644676596
    0.504242308    2.732023372  -12.610272332
    0.507761846    2.673023596  -22.920122165
    0.511281385    2.585839382  -24.945147657
    0.514800923    2.523037842   -9.904923117
    0.518320462    2.535377165   14.580279583
    0.521840000    2.621604154   29.955872686
    0.525359538    2.722104799   21.534287332
    0.528879077    2.760246307   -2.608588216
    0.532398615    2.718288572  -20.598274518
    0.535918154    2.651139857  -14.189644146
    0.539437692    2.651713426   15.333593395
    0.542957231    2.772301780   49.758080133
    0.546476769    2.985047123   65.241153915
    0.549996308    3.196992165   48.623575363
    0.553515846    3.304095256    8.861766549
    0.557035385    3.269885933  -27.539570701
    0.560554923    3.153675488  -34.099106548
    0.564074462    3.077093034   -5.628620256
    0.567594000    3.139059503   39.670823815
    0.571113538    3.351825536   76.048572352
    0.574633077    3.648410633   85.494386525
    0.578152615    3.929447741   68.702154298
    0.581672154    4.122121310   37.960288972
    0.585191692    4.202248247    5.788893740
    0.588711231    4.182849738  -15.677003058
    0.592230769    4.115082529  -21.495661800
    0.595750308    4.060737251   -6.905569465
    0.599269846    4.093186590   25.863224670
    0.602789385    4.265126623   71.506856205
    0.606308923    4.604362413  119.228850379
    0.609828462    5.098246032  156.998424556
    0.613348000    5.692593715  175.075766425
    0.616867538    6.306734638  168.038403028
    0.620387077    6.857667120  140.894725811
    0.623906615    7.301043835  110.043589587
    0.627426154    7.659872053   96.850579802
    0.630945692    8.029319561  118.530318840
    0.634465231    8.542524931  176.999583359
    0.637984769    9.310515623  259.483733400
    0.641504308   10.374754888  341.074917709
    0.645023846   11.686503804  397.404892185
    0.648543385   13.134509004  417.513198034
    0.652062923   14.604481867  413.431209698
    0.655582462   16.053924655  411.024749836
    0.659102000   17.535466424  434.074212280
    0.662621538   19.152967152  487.762750466
    0.666141077   20.985963096  551.006419388
    0.669660615   23.017539618  597.154757045
    0.673180154   25.158177007  612.163122411
    0.676699692   27.312688240  609.732370485
    0.680219231   29.467293210  616.969250455
    0.683738769   31.695701191  652.215166749
    0.687258308   34.090883042  708.770340890
    0.690777846   36.680532661  756.985278924
    0.694297385   39.378676991  766.702883423
    0.697816923   42.019011235  723.491361444
    0.701336462   44.421294612  632.588875103
    0.704856000   46.444788224  512.628480501
    0.708375538   48.022931740  383.052207915
    0.711895077   49.155091757  262.141387552
    0.715414615   49.897403620  162.400094942
    0.718934154   50.335432110   90.925450192
    0.722453692   50.569437472   45.060815453
    0.725973231   50.680309732   19.637325568
    0.729492769   50.726883010    7.372706889
    0.733012308   50.743207967    2.611643290
    0.736531846   50.748983441    0.690537796
    0.740051385   50.750827009   -0.000000000
    0.743570923   50.750827009   -0.000000000
    0.747090462   50.750827009   -0.000000000
    0.750610000   50.750827009   -0.000000000
