#! FIELDS dist file.free der_dist
#! SET min_dist 0.201562
#! SET max_dist 0.75061
#! SET nbins_dist  157
#! SET periodic_dist false
    0.201562000   49.734686375   -0.284895335
    0.205081538   49.730847620   -1.736045689
    0.208601077   49.717270437   -6.396601077
    0.212120615   49.674145749  -19.746143752
    0.215640154   49.552909783  -53.185508518
    0.219159692   49.251490045 -126.110607626
    0.222679231   48.586618300 -264.510426133
    0.226198769   47.281523612 -492.864650782
    0.229718308   45.001588097 -816.972511548
    0.233237846   41.449879887 -1207.074164982
    0.236757385   36.507332500 -1592.566579461
    0.240276923   30.355906213 -1877.965191949
    0.243796462   23.505122907 -1978.663111108
    0.247316000   16.690101583 -1856.776718105
    0.250835538   10.662911617 -1540.822088021
    0.254355077    5.971811266 -1114.937087631
    0.257874615    2.816139964 -685.837576233
    0.261394154    1.040865947 -341.677677155
    0.264913692    0.259406527 -123.626343082
    0.268433231    0.029767999  -23.307467773
    0.271952769    0.003300638    0.183220537
    0.275472308    0.000000000   -1.939346829
    0.278991846    0.008572958   13.006418962
    0.282511385    0.137770449   66.760167752
    0.286030923    0.521815773  154.000009202
    0.289550462    1.230395342  244.806248127
    0.293070000    2.213182924  304.023026548
    0.296589538    3.320097932  314.586291172
    0.300109077    4.384868584  283.442970759
    0.303628615    5.300774054  235.290299501
    0.307148154    6.057105492  195.479547313
    0.310667692    6.716293468  182.481378901
    0.314187231    7.382901772  199.047792119
    0.317706769    8.140983239  229.636406262
    0.321226308    8.992223604  248.101224838
    0.324745846    9.848349412  228.583443553
    0.328265385   10.565810979  173.113491312
    0.331784923   11.060591351  107.926462926
    0.335304462   11.364939118   71.097427642
    0.338824000   11.621543491   80.383657819
    0.342343538   11.973682369  119.406839317
    0.345863077   12.454854823  146.993641025
    0.349382615   12.954870923  125.925260320
    0.352902154   13.283446957   52.329235211
    0.356421692   13.304056931  -41.146726231
    0.359941231   13.029373399 -108.372758277
    0.363460769   12.615128825 -118.543287483
    0.366980308   12.260483365  -77.816908122
    0.370499846   12.091396367  -19.044344475
    0.374019385   12.108370933   21.506802639
    0.377538923   12.208299068   28.655772423
    0.381058462   12.278285921    6.067954387
    0.384578000   12.244986217  -26.790168314
    0.388097538   12.100311698  -54.695238619
    0.391617077   11.872162446  -75.310269850
    0.395136615   11.575342428  -94.481972734
    0.398656154   11.203951704 -117.681949825
    0.402175692   10.751008932 -140.224379123
    0.405695231   10.232939791 -154.212443737
    0.409214769    9.686943168 -155.068564066
    0.412734308    9.153729670 -147.806451472
    0.416253846    8.654548707 -137.829310536
    0.419773385    8.191846954 -127.045141765
    0.423292923    7.765145460 -115.949065145
    0.426812462    7.374689098 -107.860007934
    0.430332000    7.010655131 -101.241935930
    0.433851538    6.670403626  -92.553655797
    0.437371077    6.366405208  -79.725094439
    0.440890615    6.113066990  -66.644287132
    0.444410154    5.893942930  -60.865817800
    0.447929692    5.673227493  -68.694863526
    0.451449231    5.408522531  -83.510657392
    0.454968769    5.096809274  -92.539543687
    0.458488308    4.778932134  -86.122625308
    0.462007846    4.509767390  -67.281010710
    0.465527385    4.316130273  -45.127911142
    0.469046923    4.190986778  -28.258858918
    0.472566462    4.112960027  -17.727093631
    0.476086000    4.064496639  -11.720862839
    0.479605538    4.030193887  -10.194643933
    0.483125077    3.990871896  -15.067844162
    0.486644615    3.926544615  -23.912861871
    0.490164154    3.834291305  -28.447495583
    0.493683692    3.742158621  -23.723954638
    0.497203231    3.680322576  -12.998452703
    0.500722769    3.650358928   -8.073894675
    0.504242308    3.613577701  -15.988738646
    0.507761846    3.532321323  -32.148021726
    0.511281385    3.403710569  -38.902486892
    0.514800923    3.286967299  -26.055721340
    0.518320462    3.242922447   -0.709813008
    0.521840000    3.280823310   18.293886117
    0.525359538    3.349280877   15.231905474
    0.528879077    3.375037443   -3.401390822
    0.532398615    3.338251593  -17.104114825
    0.535918154    3.288367996   -8.090978886
    0.539437692    3.312965578   22.790945936
    0.542957231    3.460804946   57.752692128
    0.546476769    3.700567762   72.355735877
    0.549996308    3.932583216   52.480584256
    0.553515846    4.043530022    6.902290880
    0.557035385    3.990118738  -36.329886290
    0.560554923    3.833085182  -47.973214602
    0.564074462    3.704464817  -20.546483591
    0.567594000    3.718407378   27.981982346
    0.571113538    3.899837723   70.238350758
    0.574633077    4.187231176   86.114903778
    0.578152615    4.480482464   74.919918918
    0.581672154    4.703149637   48.671987790
    0.585191692    4.827384478   19.953707704
    0.588711231    4.861459274    0.182053275
    0.592230769    4.847380962   -7.580726436
    0.595750308    4.830800664   -0.196695483
    0.599269846    4.866357206   20.417236739
    0.602789385    4.994997398   52.559262635
    0.606308923    5.248996567   90.913440071
    0.609828462    5.638388609  127.511941221
    0.613348000    6.139625706  152.904065486
    0.616867538    6.696145692  157.810079178
    0.620387077    7.231486428  141.750781901
    0.623906615    7.690406697  117.143923161
    0.627426154    8.076722392  104.571214200
    0.630945692    8.468475874  123.150380295
    0.634465231    8.990094145  177.165431247
    0.637984769    9.750455086  255.032081640
    0.641504308   10.790974267  332.111988554
    0.645023846   12.063280886  384.164234448
    0.648543385   13.459131164  401.537666705
    0.652062923   14.872321383  397.815390611
    0.655582462   16.272786681  399.352483601
    0.659102000   17.723931410  428.774928523
    0.662621538   19.334906713  489.327460892
    0.666141077   21.184473562  558.850902334
    0.669660615   23.253770133  610.841638561
    0.673180154   25.453059085  631.900788838
    0.676699692   27.687400703  635.235195650
    0.680219231   29.938224528  645.381742345
    0.683738769   32.262560789  677.029407489
    0.687258308   34.724505732  720.205999224
    0.690777846   37.315924547  745.150730461
    0.694297385   39.922249184  726.092244594
    0.697816923   42.371265923  656.622272133
    0.701336462   44.506777345  550.181391817
    0.704856000   46.234627664  429.588217734
    0.708375538   47.538871890  312.354698315
    0.711895077   48.454592153  210.372887473
    0.715414615   49.048863028  129.589359206
    0.718934154   49.398861559   72.827323807
    0.722453692   49.587052127   36.389407822
    0.725973231   49.677237852   15.972371854
    0.729492769   49.715270901    6.123992363
    0.733012308   49.728909154    2.199052288
    0.736531846   49.733542855    0.690537796
    0.740051385   49.735386424   -0.000000000
    0.743570923   49.735386424   -0.000000000
    0.747090462   49.735386424   -0.000000000
    0.750610000   49.735386424   -0.000000000
