#! FIELDS dist file.free der_dist
#! SET min_dist 0.201562
#! SET max_dist 0.75061
#! SET nbins_dist  157
#! SET periodic_dist false
    0.201562000   52.887126374   -0.635542558
    0.205081538   52.880550197   -3.022846152
    0.208601077   52.858586023  -10.241585987
    0.212120615   52.792452739  -29.785895130
    0.215640154   52.615546594  -76.207739677
    0.219159692   52.195415490 -172.505270887
    0.222679231   51.308114664 -346.452921498
    0.226198769   49.637850736 -619.219990088
    0.229718308   46.835426141 -985.908234862
    0.233237846   42.638196378 -1400.471925238
    0.236757385   37.018690110 -1777.554677400
    0.240276923   30.285806211 -2017.716160156
    0.243796462   23.062567072 -2048.099829987
    0.247316000   16.133078903 -1854.245404226
    0.250835538   10.211835890 -1488.283042264
    0.254355077    5.743666792 -1046.637472102
    0.257874615    2.809250916 -632.428060356
    0.261394154    1.170358478 -318.565929275
    0.264913692    0.417999653 -128.544576806
    0.268433231    0.141264041  -42.342246563
    0.271952769    0.046617744  -17.218253321
    0.275472308    0.000000000   -8.356173934
    0.278991846    0.006741511   17.297344322
    0.282511385    0.160575340   74.812764675
    0.286030923    0.567532249  157.528596212
    0.289550462    1.274160218  239.913407851
    0.293070000    2.227351626  292.804820308
    0.296589538    3.292166150  302.908419899
    0.300109077    4.322729789  276.068092418
    0.303628615    5.220531396  231.693771503
    0.307148154    5.961930934  188.991753991
    0.310667692    6.579349989  163.537804153
    0.314187231    7.146327435  160.596032775
    0.317706769    7.734431046  172.314543501
    0.321226308    8.364648342  182.196057552
    0.324745846    8.998442531  171.139717770
    0.328265385    9.554530657  141.126876360
    0.331784923    9.996443892  110.285747701
    0.335304462   10.365833953  103.863333302
    0.338824000   10.770507092  128.440752039
    0.342343538   11.291052367  163.980647718
    0.345863077   11.902108684  174.838310985
    0.349382615   12.466757415  135.460713187
    0.352902154   12.809538654   52.913904682
    0.356421692   12.836159775  -36.342661974
    0.359941231   12.599471720  -90.928194128
    0.363460769   12.268928440  -89.500970945
    0.366980308   12.025228319  -45.817921302
    0.370499846   11.958531867    5.320266224
    0.374019385   12.037225383   31.281757210
    0.377538923   12.143510263   22.593724216
    0.381058462   12.169059545  -12.389098071
    0.384578000   12.057226382  -52.076722503
    0.388097538   11.820157274  -81.085871927
    0.391617077   11.504593803  -97.903708865
    0.395136615   11.141217815 -109.233275893
    0.398656154   10.737170543 -121.276645731
    0.402175692   10.294053117 -131.221053204
    0.405695231    9.827380599 -134.877469503
    0.409214769    9.358777953 -131.813928231
    0.412734308    8.902275870 -128.871173070
    0.416253846    8.453162053 -128.959432303
    0.419773385    8.003171750 -128.312192378
    0.423292923    7.561472652 -122.132110547
    0.426812462    7.150911267 -112.295639046
    0.430332000    6.781351166  -99.724985729
    0.433851538    6.457539378  -85.131046555
    0.437371077    6.186584361  -68.991506250
    0.440890615    5.973682223  -54.697417238
    0.444410154    5.798874223  -47.565091446
    0.447929692    5.630586957  -51.978082628
    0.451449231    5.433740437  -61.691616081
    0.454968769    5.207098973  -66.484379765
    0.458488308    4.982489440  -60.265079086
    0.462007846    4.794484648  -48.238148571
    0.465527385    4.646553756  -39.186608069
    0.469046923    4.514714872  -38.315268000
    0.472566462    4.375787261  -41.575817028
    0.476086000    4.228420971  -42.849688467
    0.479605538    4.084102693  -40.369604474
    0.483125077    3.950096375  -38.134758688
    0.486644615    3.820438132  -38.148699166
    0.490164154    3.690510860  -36.439131197
    0.493683692    3.575213589  -29.755450640
    0.497203231    3.491053602  -20.026375631
    0.500722769    3.433972141  -16.351793559
    0.504242308    3.368930957  -23.358541704
    0.507761846    3.267697546  -35.744554913
    0.511281385    3.136140007  -36.898950776
    0.514800923    3.036631494  -18.502738978
    0.518320462    3.026702359   10.635244803
    0.521840000    3.108018690   31.096190970
    0.525359538    3.221436954   27.535843900
    0.528879077    3.287966377    7.202119579
    0.532398615    3.283902531   -9.432802480
    0.535918154    3.253757196   -4.936844317
    0.539437692    3.279282946   19.866309633
    0.542957231    3.406119231   48.864680556
    0.546476769    3.608543248   60.719385760
    0.549996308    3.803383582   44.041626048
    0.553515846    3.899657054    7.673512056
    0.557035385    3.869964077  -23.779205475
    0.560554923    3.774342870  -26.627878702
    0.564074462    3.725735914    2.045082000
    0.567594000    3.808949016   43.278398146
    0.571113538    4.022357678   72.402874078
    0.574633077    4.291703709   73.680322838
    0.578152615    4.519088686   50.518709907
    0.581672154    4.642141213   17.299131512
    0.585191692    4.652091288  -12.708640901
    0.588711231    4.577072454  -28.426489362
    0.592230769    4.476586873  -27.487220373
    0.595750308    4.410715039   -7.997880132
    0.599269846    4.443035340   26.200025490
    0.602789385    4.614283503   70.407339678
    0.606308923    4.945708428  115.909030059
    0.609828462    5.425695595  152.753331159
    0.613348000    6.006347661  171.756871650
    0.616867538    6.612320170  166.762341838
    0.620387077    7.162172924  141.324881722
    0.623906615    7.608167725  110.775699975
    0.627426154    7.967279539   95.907921822
    0.630945692    8.327633381  113.869290528
    0.634465231    8.815979633  167.378049356
    0.637984769    9.541823886  245.397597825
    0.641504308   10.553265020  325.888683923
    0.645023846   11.817551658  386.566419101
    0.648543385   13.243192667  416.263739599
    0.652062923   14.729290159  423.687396922
    0.655582462   16.232093000  430.300966623
    0.659102000   17.789764007  457.041103244
    0.662621538   19.487541103  509.789637063
    0.666141077   21.394225053  570.923349473
    0.669660615   23.496112788  617.891530435
    0.673180154   25.718990812  639.129194292
    0.676699692   27.987548051  648.173204268
    0.680219231   30.301408367  668.889057308
    0.683738769   32.731963116  713.920372791
    0.687258308   35.348127987  770.499208781
    0.690777846   38.135113623  804.783065930
    0.694297385   40.956281184  786.669906154
    0.697816923   43.603785620  706.684996196
    0.701336462   45.881926893  580.025715602
    0.704856000   47.675667585  437.864550051
    0.708375538   48.986616797  310.434809853
    0.711895077   49.907384050  218.636649034
    0.715414615   50.576183836  165.757139955
    0.718934154   51.111754586  141.254781639
    0.722453692   51.583390569  126.037309312
    0.725973231   51.998367974  107.513169397
    0.729492769   52.336345191   82.613969270
    0.733012308   52.580185316   56.051204491
    0.736531846   52.735491024   32.906288967
    0.740051385   52.821442316   16.688914453
    0.743570923   52.862314352    7.484323751
    0.747090462   52.879574948    2.919567182
    0.750610000   52.885934489    0.993909830
