#! FIELDS dist file.free der_dist
#! SET min_dist 0.201562
#! SET max_dist 0.75061
#! SET nbins_dist  157
#! SET periodic_dist false
    0.201562000   55.462378172   -0.689126276
    0.205081538   55.455257707   -3.271483863
    0.208601077   55.431489983  -11.074747601
    0.212120615   55.360124227  -32.131325693
    0.215640154   55.169610558  -82.020266488
    0.219159692   54.718014356 -185.267277312
    0.222679231   53.766267754 -371.233794094
    0.226198769   51.979166132 -661.713772825
    0.229718308   48.989535395 -1050.130048278
    0.233237846   44.528128014 -1485.683525103
    0.236757385   38.581664751 -1876.304400420
    0.240276923   31.495984528 -2116.972579647
    0.243796462   23.943445822 -2133.853736260
    0.247316000   16.750416509 -1917.359991242
    0.250835538   10.649287400 -1527.928245706
    0.254355077    6.074173613 -1069.195611912
    0.257874615    3.076911957 -647.046300274
    0.261394154    1.389214124 -332.531733234
    0.264913692    0.583745749 -144.845737002
    0.268433231    0.246750090  -59.779077392
    0.271952769    0.094058788  -32.008284468
    0.275472308    0.006107104  -16.418848722
    0.278991846    0.000000000   18.026548959
    0.282511385    0.170268196   82.841582834
    0.286030923    0.611171232  167.538536117
    0.289550462    1.346634642  245.073475714
    0.293070000    2.301087364  287.640181689
    0.296589538    3.326615298  285.861143306
    0.300109077    4.280346428  250.186297698
    0.303628615    5.081242605  203.745268038
    0.307148154    5.732890510  167.241295114
    0.310667692    6.295729365  155.194940964
    0.314187231    6.863399543  169.524278065
    0.317706769    7.513207920  197.863616006
    0.321226308    8.256140321  219.491342245
    0.324745846    9.031719188  213.011012518
    0.328265385    9.732094734  179.970301488
    0.331784923   10.295643148  139.534775198
    0.335304462   10.744441102  119.205295180
    0.338824000   11.176994043  129.086912750
    0.342343538   11.678953602  153.680714069
    0.345863077   12.245478714  161.205376689
    0.349382615   12.769686476  127.372239803
    0.352902154   13.104312735   57.034871522
    0.356421692   13.170599794  -18.333410925
    0.359941231   13.017641062  -62.359137971
    0.363460769   12.796278687  -57.427974634
    0.366980308   12.660743643  -17.628686385
    0.370499846   12.678620084   24.530570409
    0.374019385   12.806511996   39.959919286
    0.377538923   12.926484837   21.980956127
    0.381058462   12.936945889  -19.940575250
    0.384578000   12.790236634  -63.950297295
    0.388097538   12.509031381  -93.658390744
    0.391617077   12.155847579 -105.779287431
    0.395136615   11.782287914 -106.368555121
    0.398656154   11.413421559 -104.072401745
    0.402175692   11.054165192 -101.710861890
    0.405695231   10.702298606 -100.830042015
    0.409214769   10.346956494 -103.097874071
    0.412734308    9.971262865 -112.396160347
    0.416253846    9.556080885 -125.960475925
    0.419773385    9.097935627 -135.169560326
    0.423292923    8.622012667 -134.094840729
    0.426812462    8.164477250 -126.967256154
    0.430332000    7.737547661 -118.055069262
    0.433851538    7.339326802 -109.471797488
    0.437371077    6.971073474  -99.921438981
    0.440890615    6.642252865  -88.923654790
    0.444410154    6.349973762  -79.067475434
    0.447929692    6.084375624  -75.043331786
    0.451449231    5.825504039  -73.773837359
    0.454968769    5.574631329  -68.584702707
    0.458488308    5.356400324  -55.002638289
    0.462007846    5.197038370  -37.458142264
    0.465527385    5.096384236  -23.094154254
    0.469046923    5.031200712  -16.634118310
    0.472566462    4.977428919  -15.206175129
    0.476086000    4.926937299  -14.884788829
    0.479605538    4.877536126  -15.214133719
    0.483125077    4.821082690  -19.858683029
    0.486644615    4.740212354  -28.982535260
    0.490164154    4.626502171  -36.316198355
    0.493683692    4.498367913  -36.857384189
    0.497203231    4.380467625  -31.661478743
    0.500722769    4.278923973  -29.566990785
    0.504242308    4.168975501  -35.314406723
    0.507761846    4.031278711  -44.327932042
    0.511281385    3.876973355  -41.241352501
    0.514800923    3.769390376  -18.930558554
    0.518320462    3.763978188   13.463495527
    0.521840000    3.860252118   36.654486853
    0.525359538    3.996956737   34.927732827
    0.528879077    4.089510466   13.987167191
    0.532398615    4.102058748   -7.713165231
    0.535918154    4.061995660  -13.035551922
    0.539437692    4.037795581   -0.379377854
    0.542957231    4.074743599   18.813415356
    0.546476769    4.163643237   27.553911424
    0.549996308    4.248723273   16.086301883
    0.553515846    4.265792254   -8.735409762
    0.557035385    4.202149556  -26.831420355
    0.560554923    4.115427217  -19.399903234
    0.564074462    4.101824660   13.550928149
    0.567594000    4.224246752   53.136592868
    0.571113538    4.464479559   77.535622616
    0.574633077    4.744291349   74.942394835
    0.578152615    4.974762526   51.736880394
    0.581672154    5.108409363   22.617970204
    0.585191692    5.147456783   -1.555247881
    0.588711231    5.119786561  -13.331106011
    0.592230769    5.073070644  -12.991733286
    0.595750308    5.050261027    1.216014864
    0.599269846    5.101867637   27.759753888
    0.602789385    5.266317137   65.333437353
    0.606308923    5.573828770  108.097808801
    0.609828462    6.028599866  146.974697991
    0.613348000    6.598142888  171.566994763
    0.616867538    7.215882528  173.672546080
    0.620387077    7.802048682  154.746935739
    0.623906615    8.304563776  129.018000560
    0.627426154    8.732825389  116.374643301
    0.630945692    9.164077474  132.860302627
    0.634465231    9.710183724  180.396150126
    0.637984769   10.465365259  248.559628735
    0.641504308   11.468655468  318.226457069
    0.645023846   12.691428913  371.543931654
    0.648543385   14.061354796  400.878852663
    0.652062923   15.503635057  415.209302065
    0.655582462   16.994898661  432.127165694
    0.659102000   18.573628807  466.034249427
    0.662621538   20.302327277  516.552379309
    0.666141077   22.212476897  564.311027987
    0.669660615   24.255584447  590.287421071
    0.673180154   26.343129365  590.429147269
    0.676699692   28.413433796  585.903708721
    0.680219231   30.501301626  604.747889687
    0.683738769   32.719577768  658.972917900
    0.687258308   35.170188068  732.227613670
    0.690777846   37.858590098  787.623173130
    0.694297385   40.662834110  794.926001026
    0.697816923   43.393062285  746.450173268
    0.701336462   45.874710746  656.252103987
    0.704856000   47.999726309  548.629970188
    0.708375538   49.744412425  443.163322058
    0.711895077   51.141625499  353.020251311
    0.715414615   52.256459116  281.954722297
    0.718934154   53.150670331  227.702142606
    0.722453692   53.871471806  181.673185586
    0.725973231   54.436750169  138.599811972
    0.729492769   54.853690973   97.742510344
    0.733012308   55.133899088   62.422915839
    0.736531846   55.303634444   35.288160890
    0.740051385   55.394688767   17.468105981
    0.743570923   55.437704943    7.484323751
    0.747090462   55.454965540    2.919567182
    0.750610000   55.461325080    0.993909830
