#! FIELDS dist file.free der_dist
#! SET min_dist 0.201562
#! SET max_dist 0.75061
#! SET nbins_dist  157
#! SET periodic_dist false
    0.201562000   44.817919620   -0.152222275
    0.205081538   44.815278839   -1.161044298
    0.208601077   44.805942044   -4.400152079
    0.212120615   44.775695520  -13.892325048
    0.215640154   44.689143880  -38.176467243
    0.219159692   44.470107411  -92.311563322
    0.222679231   43.977721850 -197.619970306
    0.226198769   42.990467505 -376.662104656
    0.229718308   41.224084794 -640.494549915
    0.233237846   38.397151080 -974.043651761
    0.236757385   34.341298559 -1327.690375887
    0.240276923   29.117536465 -1623.689956575
    0.243796462   23.074701534 -1780.740763172
    0.247316000   16.809516049 -1745.059764559
    0.250835538   11.018059121 -1516.181976927
    0.254355077    6.297269797 -1150.257202487
    0.257874615    2.971762466 -740.098884926
    0.261394154    1.027631644 -378.653917372
    0.264913692    0.176040220 -125.407538990
    0.268433231    0.000000000    6.830954859
    0.271952769    0.111069822   44.621465653
    0.275472308    0.258667258   36.256070410
    0.278991846    0.369199777   31.307295303
    0.282511385    0.521583358   62.422370155
    0.286030923    0.856539103  131.910712572
    0.289550462    1.466330065  212.066813519
    0.293070000    2.321939746  265.272508054
    0.296589538    3.284569092  271.809339230
    0.300109077    4.195252543  239.509018824
    0.303628615    4.963197223  196.531167454
    0.307148154    5.604962700  170.762309643
    0.310667692    6.211663985  178.074522152
    0.314187231    6.897984184  213.898831775
    0.317706769    7.728721220  254.169586059
    0.321226308    8.662908877  268.752420566
    0.324745846    9.568715901  235.356082247
    0.328265385   10.282108407  164.663027729
    0.331784923   10.728632893   90.493010795
    0.335304462   10.966994407   52.293914954
    0.338824000   11.160803652   63.782414972
    0.342343538   11.457818142  104.700377229
    0.345863077   11.890414067  134.636708131
    0.349382615   12.357852936  121.222256526
    0.352902154   12.696111924   64.076134212
    0.356421692   12.798075377   -5.829933210
    0.359941231   12.691581182  -48.206892761
    0.363460769   12.526237871  -38.288884955
    0.366980308   12.477663560   14.485310960
    0.370499846   12.639504495   74.961718437
    0.374019385   12.971595891  104.359206426
    0.377538923   13.323203160   86.754875620
    0.381058462   13.538854830   29.962208652
    0.384578000   13.526481801  -37.761156867
    0.388097538   13.293918795  -91.286638649
    0.391617077   12.913652216 -122.437960019
    0.395136615   12.454196632 -137.658670775
    0.398656154   11.952457527 -147.531711524
    0.402175692   11.422231546 -154.238990622
    0.405695231   10.877948390 -155.805804762
    0.409214769   10.338673728 -150.704595326
    0.412734308    9.822155397 -143.270078896
    0.416253846    9.334829919 -135.400928214
    0.419773385    8.878091451 -125.153084249
    0.423292923    8.460335874 -112.258049438
    0.426812462    8.086185106 -102.390069796
    0.430332000    7.738416861  -98.242800953
    0.433851538    7.395302795  -97.831181827
    0.437371077    7.052349434  -96.635516796
    0.440890615    6.720998157  -93.042650402
    0.444410154    6.401341300  -90.136930651
    0.447929692    6.084188811  -92.933561139
    0.451449231    5.751468563  -97.094307128
    0.454968769    5.413035103  -93.988474586
    0.458488308    5.108303557  -77.696792783
    0.462007846    4.879543362  -53.416739119
    0.465527385    4.736041872  -31.306509847
    0.469046923    4.650465014  -20.486531678
    0.472566462    4.579279281  -22.237357409
    0.476086000    4.484657875  -33.897987332
    0.479605538    4.338592311  -50.984631231
    0.483125077    4.130467582  -68.356411659
    0.486644615    3.874240424  -77.062930727
    0.490164154    3.615934831  -67.332308016
    0.493683692    3.425182072  -40.082129706
    0.497203231    3.344788400   -8.030131167
    0.500722769    3.357261967    9.371593142
    0.504242308    3.387865976    3.564012699
    0.507761846    3.367898740  -17.320373837
    0.511281385    3.280170364  -30.160950801
    0.514800923    3.186719038  -20.752330757
    0.518320462    3.161221321    5.464363072
    0.521840000    3.227651138   29.015263555
    0.525359538    3.344161799   31.967004434
    0.528879077    3.437149407   17.692741529
    0.532398615    3.476067694    4.038182308
    0.535918154    3.493461716    8.340962368
    0.539437692    3.562167674   31.226566222
    0.542957231    3.723025878   56.828448046
    0.546476769    3.942815340   62.265061510
    0.549996308    4.124199958   34.166200452
    0.553515846    4.158705170  -17.562331432
    0.557035385    4.012899395  -63.509915161
    0.560554923    3.761171305  -73.775856096
    0.564074462    3.548438825  -42.177591936
    0.567594000    3.493913583   10.564482936
    0.571113538    3.617845294   54.701493859
    0.574633077    3.849689275   70.010886002
    0.578152615    4.084662041   58.385464890
    0.581672154    4.252833303   35.237427472
    0.585191692    4.342867367   15.000343789
    0.588711231    4.380755718    7.911870665
    0.592230769    4.417504807   13.524042657
    0.595750308    4.493790728   30.761608526
    0.599269846    4.646563771   55.131729967
    0.602789385    4.894192003   84.663461274
    0.606308923    5.250114834  116.426809521
    0.609828462    5.715801105  145.763146673
    0.613348000    6.270787393  165.731651060
    0.616867538    6.866202649  167.504810881
    0.620387077    7.430762238  148.692576876
    0.623906615    7.906600226  119.484413596
    0.627426154    8.290134090  100.704084090
    0.630945692    8.658295085  114.352853518
    0.634465231    9.146873023  168.317970907
    0.637984769    9.884232043  251.737635770
    0.641504308   10.926392282  336.310869246
    0.645023846   12.220999821  391.680772831
    0.648543385   13.637076021  404.084673957
    0.652062923   15.037877286  387.404511382
    0.655582462   16.372383958  372.315512387
    0.659102000   17.701448565  387.188755903
    0.662621538   19.148822029  439.428340458
    0.666141077   20.820797979  509.743329840
    0.669660615   22.732658112  572.268365033
    0.673180154   24.825979750  611.346248212
    0.676699692   27.022192139  633.743755604
    0.680219231   29.290878632  655.234898978
    0.683738769   31.647977306  682.967515267
    0.687258308   34.097403767  704.598962708
    0.690777846   36.572187106  692.588344687
    0.694297385   38.913482104  627.439530187
    0.697816923   40.932219729  511.897804605
    0.701336462   42.492081924  371.047453067
    0.704856000   43.559810634  238.084038547
    0.708375538   44.206639172  134.610331927
    0.711895077   44.552350270   66.964012384
    0.715414615   44.716257000   28.866681840
    0.718934154   44.782907616   11.186105188
    0.722453692   44.807850135    3.632755767
    0.725973231   44.816188365    0.784073590
    0.729492769   44.818293091   -0.000000000
    0.733012308   44.818293091   -0.000000000
    0.736531846   44.818293091   -0.000000000
    0.740051385   44.818293091   -0.000000000
    0.743570923   44.818293091   -0.000000000
    0.747090462   44.818293091   -0.000000000
    0.750610000   44.818293091   -0.000000000
