#! FIELDS dist file.free der_dist
#! SET min_dist 0.201562
#! SET max_dist 0.75061
#! SET nbins_dist  157
#! SET periodic_dist false
    0.201562000   49.651906565   -0.284895335
    0.205081538   49.648067809   -1.736045689
    0.208601077   49.634545550   -6.375213381
    0.212120615   49.591569212  -19.674140631
    0.215640154   49.470794650  -52.973461075
    0.219159692   49.170630426 -125.565603469
    0.222679231   48.508739458 -263.291885485
    0.226198769   47.209795335 -490.505842021
    0.229718308   44.940825708 -813.048085524
    0.233237846   41.405853819 -1201.530578787
    0.236757385   36.484817547 -1586.066948877
    0.240276923   30.355949145 -1871.939337877
    0.243796462   23.522942852 -1974.862277780
    0.247316000   16.715446033 -1856.416984235
    0.250835538   10.683313019 -1543.864204941
    0.254355077    5.977405461 -1119.987203370
    0.257874615    2.803560348 -690.739394367
    0.261394154    1.014361149 -344.405548840
    0.264913692    0.229040085 -122.991861654
    0.268433231    0.007765855  -19.282129566
    0.271952769    0.000000000    6.530012145
    0.275472308    0.020548180    4.929374839
    0.278991846    0.051344478   18.474881045
    0.282511385    0.195228188   69.496012138
    0.286030923    0.583558681  153.749150856
    0.289550462    1.287053310  242.388697524
    0.293070000    2.259539949  300.836481587
    0.296589538    3.355911770  311.965453315
    0.300109077    4.413664899  282.140590926
    0.303628615    5.327500530  235.367360493
    0.307148154    6.085957619  196.506192543
    0.310667692    6.749539633  183.852847613
    0.314187231    7.420802300  200.253034192
    0.317706769    8.182403639  230.415388598
    0.321226308    9.035716298  248.573509448
    0.324745846    9.893652222  229.254323994
    0.328265385   10.615007774  174.778140297
    0.331784923   11.118292847  111.156018058
    0.335304462   11.436714575   75.778739957
    0.338824000   11.711230930   85.709903264
    0.342343538   12.081939145  124.546548140
    0.345863077   12.580803245  152.031271409
    0.349382615   13.100008945  132.043308799
    0.352902154   13.454058884   60.822587358
    0.356421692   13.508872677  -30.403278755
    0.359941231   13.272983096  -97.581274691
    0.363460769   12.892200061 -110.820465446
    0.366980308   12.556181586  -75.043010817
    0.370499846   12.389104338  -20.297001480
    0.374019385   12.399404354   19.636614508
    0.377538923   12.497690059   30.188216375
    0.381058462   12.583273305   13.648405316
    0.384578000   12.588170127  -12.780612132
    0.388097538   12.502051409  -35.776308411
    0.391617077   12.345647660  -53.889867502
    0.395136615   12.124940049  -73.061578617
    0.398656154   11.825447605  -98.637868828
    0.402175692   11.431870091 -125.895559456
    0.405695231   10.952464436 -146.893594558
    0.409214769   10.417266473 -156.401362408
    0.412734308    9.863594975 -157.964780564
    0.416253846    9.315523496 -154.993390866
    0.419773385    8.784883024 -147.847994422
    0.423292923    8.283898012 -136.827273201
    0.426812462    7.823668531 -126.341911732
    0.430332000    7.400103191 -116.549685107
    0.433851538    7.011100977 -105.006646795
    0.437371077    6.667646494  -89.703904718
    0.440890615    6.383854433  -73.850901028
    0.444410154    6.145393443  -64.441590110
    0.447929692    5.919527366  -67.994612356
    0.451449231    5.664561204  -78.801219841
    0.454968769    5.374267405  -85.398152849
    0.458488308    5.082191579  -79.002116380
    0.462007846    4.834419199  -62.570082753
    0.465527385    4.650900038  -44.197265950
    0.469046923    4.522131201  -31.131989052
    0.472566462    4.428574882  -23.447119008
    0.476086000    4.356749033  -19.063527946
    0.479605538    4.295359404  -18.062424122
    0.483125077    4.228702108  -22.589093667
    0.486644615    4.139608738  -30.352442991
    0.490164154    4.027438456  -33.263324192
    0.493683692    3.921405333  -26.831810183
    0.497203231    3.850959109  -14.913742455
    0.500722769    3.815004429   -9.725753687
    0.504242308    3.771403268  -18.286800084
    0.507761846    3.680226865  -35.465493798
    0.511281385    3.538749897  -42.748562211
    0.514800923    3.409221452  -29.249578281
    0.518320462    3.356962920   -1.984111967
    0.521840000    3.394908150   19.663427467
    0.525359538    3.472781526   19.133811524
    0.528879077    3.515696121    2.321817939
    0.532398615    3.500826355  -10.534231088
    0.535918154    3.474108691   -1.645787251
    0.539437692    3.519535437   27.992145601
    0.542957231    3.681511633   60.362962727
    0.546476769    3.923848182   71.033727888
    0.549996308    4.143015477   46.458123832
    0.553515846    4.224826320   -3.461539394
    0.557035385    4.129317565  -49.567227195
    0.560554923    3.923718753  -61.972415972
    0.564074462    3.747531198  -33.275340804
    0.567594000    3.721112329   17.955306234
    0.571113538    3.873165243   63.662407892
    0.574633077    4.143767330   83.156364418
    0.578152615    4.432760375   75.405676023
    0.581672154    4.662576809   52.179361792
    0.585191692    4.803420175   25.736987253
    0.588711231    4.860348613    7.200268291
    0.592230769    4.871286019   -0.581431300
    0.595750308    4.877509411    5.601730697
    0.599269846    4.930196225   24.280964127
    0.602789385    5.068748032   54.361173010
    0.606308923    5.325911048   90.990703820
    0.609828462    5.713285639  126.368788694
    0.613348000    6.208963063  150.938655914
    0.616867538    6.757459935  155.239327076
    0.620387077    7.282823423  138.657425347
    0.623906615    7.729936970  113.520495533
    0.627426154    8.102476324  100.355177260
    0.630945692    8.478305980  118.327847002
    0.634465231    8.982111943  171.928236994
    0.637984769    9.723924228  249.820712965
    0.641504308   10.746973768  327.495134759
    0.645023846   12.004730470  380.568768085
    0.648543385   13.389956105  399.090972181
    0.652062923   14.796342728  396.373116747
    0.655582462   16.193044987  398.605233557
    0.659102000   17.642339518  428.443862760
    0.662621538   19.252545600  489.196036361
    0.666141077   21.101824133  558.805388109
    0.669660615   23.171026193  610.827854286
    0.673180154   25.370279275  631.900788838
    0.676699692   27.604620893  635.235195650
    0.680219231   29.855444718  645.381742345
    0.683738769   32.179780979  677.029407489
    0.687258308   34.641725921  720.205999224
    0.690777846   37.233144737  745.150730461
    0.694297385   39.839469373  726.092244594
    0.697816923   42.288486113  656.622272133
    0.701336462   44.423997535  550.181391817
    0.704856000   46.151847854  429.588217734
    0.708375538   47.456092079  312.354698315
    0.711895077   48.371812343  210.372887473
    0.715414615   48.966083218  129.589359206
    0.718934154   49.316081749   72.827323807
    0.722453692   49.504272317   36.389407822
    0.725973231   49.594458042   15.972371854
    0.729492769   49.632491091    6.123992363
    0.733012308   49.646129344    2.199052288
    0.736531846   49.650763045    0.690537796
    0.740051385   49.652606613   -0.000000000
    0.743570923   49.652606613   -0.000000000
    0.747090462   49.652606613   -0.000000000
    0.750610000   49.652606613   -0.000000000
