#! FIELDS dist file.free der_dist
#! SET min_dist 0.201562
#! SET max_dist 0.75061
#! SET nbins_dist  157
#! SET periodic_dist false
    0.201562000   53.411007905   -0.635542558
    0.205081538   53.404400645   -3.035392347
    0.208601077   53.382284890  -10.310753763
    0.212120615   53.315662284  -30.018545353
    0.215640154   53.137286941  -76.876531791
    0.219159692   52.713221225 -174.200193289
    0.222679231   51.816690062 -350.213452247
    0.226198769   50.127445966 -626.509552902
    0.229718308   47.290897770 -998.215603806
    0.233237846   43.040336690 -1418.450206486
    0.236757385   37.348898985 -1800.056441824
    0.240276923   30.533471699 -2041.397379132
    0.243796462   23.231616794 -2068.301988602
    0.247316000   16.243244127 -1867.016304360
    0.250835538   10.292443933 -1492.400317636
    0.254355077    5.822150699 -1044.349027668
    0.257874615    2.900484110 -628.303568855
    0.261394154    1.272411070 -317.177950041
    0.264913692    0.516098281 -132.333536191
    0.268433231    0.217367936  -50.700149902
    0.271952769    0.089533831  -27.077823038
    0.275472308    0.011236939  -15.877014769
    0.278991846    0.000000000   14.899241326
    0.282511385    0.155538338   78.067894495
    0.286030923    0.581663384  164.701989537
    0.289550462    1.316077256  247.922399581
    0.293070000    2.294224904  298.457653404
    0.296589538    3.371102415  303.826711309
    0.300109077    4.395052130  271.390332871
    0.303628615    5.267895653  222.533857338
    0.307148154    5.973361308  178.361647562
    0.310667692    6.556760781  155.517928188
    0.314187231    7.105624698  158.786995371
    0.317706769    7.701131023  178.363557856
    0.321226308    8.365634443  195.241460682
    0.324745846    9.053814073  188.424345358
    0.328265385    9.673078810  159.144958530
    0.331784923   10.175128353  126.020469262
    0.335304462   10.592974300  115.452035071
    0.338824000   11.030371849  135.473415572
    0.342343538   11.568812830  167.349452325
    0.345863077   12.187703111  176.223412218
    0.349382615   12.756441032  136.640081522
    0.352902154   13.105037731   55.175562411
    0.356421692   13.142352132  -32.588207097
    0.359941231   12.921296344  -85.906386015
    0.363460769   12.609722315  -83.902118996
    0.366980308   12.385624107  -40.408971058
    0.370499846   12.336535763    9.781372462
    0.374019385   12.428321487   34.160465601
    0.377538923   12.541208070   23.399802376
    0.381058462   12.565710731  -13.766119397
    0.384578000   12.445777419  -55.165739061
    0.388097538   12.196399625  -84.798817243
    0.391617077   11.868805896 -100.788715729
    0.395136615   11.498588746 -110.117557296
    0.398656154   11.095761014 -119.710693681
    0.402175692   10.661827000 -127.751956728
    0.405695231   10.208951306 -130.754629976
    0.409214769    9.753757150 -128.549165264
    0.412734308    9.305400775 -127.680562479
    0.416253846    8.855984038 -130.333516727
    0.419773385    8.397057501 -131.872746202
    0.423292923    7.940572373 -126.744803944
    0.426812462    7.513895598 -116.646037269
    0.430332000    7.130656337 -103.109452747
    0.433851538    6.796279775  -87.900816343
    0.437371077    6.514949140  -72.394602151
    0.440890615    6.287077732  -59.967047336
    0.444410154    6.089537088  -55.208576273
    0.447929692    5.890817745  -61.464437741
    0.451449231    5.659069460  -71.808308383
    0.454968769    5.397792743  -75.821963213
    0.458488308    5.143533602  -67.588657305
    0.462007846    4.934738669  -52.594566354
    0.465527385    4.777554806  -40.057754355
    0.469046923    4.648690492  -35.874185356
    0.472566462    4.522685482  -36.944035056
    0.476086000    4.392710178  -37.976859154
    0.479605538    4.262785522  -37.389180549
    0.483125077    4.133662264  -38.473866242
    0.486644615    3.996676292  -41.850625487
    0.490164154    3.849575395  -42.213186428
    0.493683692    3.713163101  -35.662051431
    0.497203231    3.610541340  -24.401032046
    0.500722769    3.542280402  -18.273924360
    0.504242308    3.475260786  -22.580918876
    0.507761846    3.381151808  -32.564662612
    0.511281385    3.263976518  -32.090003177
    0.514800923    3.182555949  -13.260442859
    0.518320462    3.189792781   14.911641467
    0.521840000    3.282907112   33.416517890
    0.525359538    3.400563343   27.649741582
    0.528879077    3.464020718    5.415864233
    0.532398615    3.450849586  -12.844656500
    0.535918154    3.405873138  -10.014002058
    0.539437692    3.410345265   12.973414149
    0.542957231    3.510095739   40.483693556
    0.546476769    3.681999629   51.988664336
    0.549996308    3.847879555   36.586823346
    0.553515846    3.922395134    2.917591190
    0.557035385    3.881899539  -25.153475970
    0.560554923    3.786975527  -25.020645725
    0.564074462    3.747202573    5.134911097
    0.567594000    3.840728633   45.658576022
    0.571113538    4.058284679   72.129556048
    0.574633077    4.320960160   70.246375194
    0.578152615    4.532753328   45.511813721
    0.581672154    4.639842801   13.754986131
    0.585191692    4.644103079  -12.090783886
    0.588711231    4.579870698  -23.039863397
    0.592230769    4.504274063  -19.247113293
    0.595750308    4.467642806   -0.193668827
    0.599269846    4.522292407   30.717288265
    0.602789385    4.701699506   70.483311882
    0.606308923    5.026325993  112.138131609
    0.609828462    5.488348049  146.555382397
    0.613348000    6.044782988  164.340124313
    0.616867538    6.623507540  158.786794928
    0.620387077    7.145102087  133.351634842
    0.623906615    7.564554087  103.844622440
    0.627426154    7.903202513   91.375486060
    0.630945692    8.253191796  112.520891859
    0.634465231    8.741613792  168.556717938
    0.637984769    9.473476539  247.273261090
    0.641504308   10.489990728  326.665857591
    0.645023846   11.754061026  385.759999127
    0.648543385   13.175633293  415.024480373
    0.652062923   14.658722861  423.503418704
    0.655582462   16.163491447  431.388353634
    0.659102000   17.724261995  457.105337285
    0.662621538   19.414184228  504.442419026
    0.666141077   21.285615470  555.521509773
    0.669660615   23.311221309  589.669911291
    0.673180154   25.412519203  598.660275639
    0.676699692   27.523409917  600.170688816
    0.680219231   29.668055326  622.627196515
    0.683738769   31.957198829  682.058599759
    0.687258308   34.505280535  765.397048803
    0.690777846   37.332197066  832.848493915
    0.694297385   40.306711778  844.218238438
    0.697816923   43.190644596  780.765359496
    0.701336462   45.734456383  654.263544686
    0.704856000   47.769858073  499.366491695
    0.708375538   49.265569525  353.635999496
    0.711895077   50.307186356  244.709065056
    0.715414615   51.044381900  179.340445773
    0.718934154   51.613426764  147.438111328
    0.722453692   52.099427959  128.492684829
    0.725973231   52.519862724  108.338892796
    0.729492769   52.859562785   82.867018755
    0.733012308   53.104066848   56.051204491
    0.736531846   53.259372555   32.906288967
    0.740051385   53.345323848   16.688914453
    0.743570923   53.386195883    7.484323751
    0.747090462   53.403456480    2.919567182
    0.750610000   53.409816020    0.993909830
