#! FIELDS dist file.free der_dist
#! SET min_dist 0.201562
#! SET max_dist 0.75061
#! SET nbins_dist  157
#! SET periodic_dist false
    0.201562000   49.677796383   -0.284895335
    0.205081538   49.673957628   -1.736045689
    0.208601077   49.660435368   -6.375213381
    0.212120615   49.617459031  -19.674140631
    0.215640154   49.496684468  -52.973461075
    0.219159692   49.196520244 -125.565603469
    0.222679231   48.534629277 -263.291885485
    0.226198769   47.235685154 -490.505842021
    0.229718308   44.966715526 -813.048085524
    0.233237846   41.431743637 -1201.530578787
    0.236757385   36.510707365 -1586.066948877
    0.240276923   30.381828441 -1871.943529086
    0.243796462   23.548792487 -1974.876869501
    0.247316000   16.741200272 -1856.461445102
    0.250835538   10.708790544 -1543.985838249
    0.254355077    6.002198702 -1120.273334892
    0.257874615    2.826861094 -691.328053299
    0.261394154    1.034812639 -345.463431454
    0.264913692    0.244736554 -124.650145054
    0.268433231    0.016537424  -21.544329326
    0.271952769    0.000000000    3.857457210
    0.275472308    0.010960713    2.229505097
    0.278991846    0.032907578   16.226917846
    0.282511385    0.170341368   68.142846458
    0.286030923    0.555940048  153.580809052
    0.289550462    1.261052167  243.464186279
    0.293070000    2.239250010  302.950839063
    0.296589538    3.344281797  314.686672907
    0.300109077    4.411897676  284.936149728
    0.303628615    5.334975258  237.768084670
    0.307148154    6.100767131  198.247204855
    0.310667692    6.769189422  184.861784126
    0.314187231    7.442732624  200.540773630
    0.317706769    8.204025571  229.933881478
    0.321226308    9.054039899  247.138046200
    0.324745846    9.904898467  226.633115270
    0.328265385   10.614778037  170.893055367
    0.331784923   11.102589705  106.335634008
    0.335304462   11.403542554   70.835309186
    0.338824000   11.661889892   81.620113084
    0.342343538   12.020720092  121.932751269
    0.345863077   12.512903129  150.761222992
    0.349382615   13.028935718  131.359947747
    0.352902154   13.380389605   59.934733287
    0.356421692   13.431197629  -31.772588417
    0.359941231   13.190015357  -99.147593893
    0.363460769   12.803928151 -112.225003316
    0.366980308   12.463296647  -76.306280903
    0.370499846   12.291348204  -21.898524038
    0.374019385   12.294423246   17.041461716
    0.377538923   12.380997408   26.062797385
    0.381058462   12.448865292    7.685016044
    0.384578000   12.429476664  -20.594357973
    0.388097538   12.313127771  -45.045942802
    0.391617077   12.122506190  -63.931147080
    0.395136615   11.866142696  -83.179187960
    0.398656154   11.531589399 -108.392980131
    0.402175692   11.104787774 -134.991734801
    0.405695231   10.595426154 -154.668932487
    0.409214769   10.036819552 -161.698138379
    0.412734308    9.470781442 -159.514661653
    0.416253846    8.924870464 -152.208678027
    0.419773385    8.411054473 -141.265237094
    0.423292923    7.938076626 -127.735253710
    0.426812462    7.512198302 -116.113179406
    0.430332000    7.125100756 -106.196033438
    0.433851538    6.771605089  -95.359913805
    0.437371077    6.459536536  -81.707707131
    0.440890615    6.199383771  -68.576366440
    0.444410154    5.973618627  -62.561484601
    0.447929692    5.748666067  -69.217238893
    0.451449231    5.485759243  -81.809958153
    0.454968769    5.184604841  -88.239244917
    0.458488308    4.885705599  -79.776693014
    0.462007846    4.640710700  -60.123461796
    0.465527385    4.471692633  -38.506896363
    0.469046923    4.367258594  -23.232918133
    0.472566462    4.303126670  -14.924830557
    0.476086000    4.260310242  -11.305625841
    0.479605538    4.223558966  -11.907569458
    0.483125077    4.175272973  -18.314746388
    0.486644615    4.097979317  -27.892706611
    0.490164154    3.991615823  -32.372411505
    0.493683692    3.886578127  -27.084516520
    0.497203231    3.814064967  -15.734751800
    0.500722769    3.775097846  -10.534355930
    0.504242308    3.729371369  -18.660186598
    0.507761846    3.637965067  -35.234278405
    0.511281385    3.498245439  -42.018574990
    0.514800923    3.371770497  -28.293840270
    0.518320462    3.322890360   -1.047910307
    0.521840000    3.364012604   20.540123530
    0.525359538    3.445177180   20.179304521
    0.528879077    3.492539387    3.849536147
    0.532398615    3.484149370   -8.381939110
    0.535918154    3.465885383    0.949677238
    0.539437692    3.520641719   30.606416262
    0.542957231    3.691236058   62.587705406
    0.546476769    3.940345826   72.640761467
    0.549996308    4.164062100   47.452662800
    0.553515846    4.248495015   -2.940758833
    0.557035385    4.154250238  -49.345747728
    0.560554923    3.949072012  -61.944359833
    0.564074462    3.772654447  -33.435981588
    0.567594000    3.745211899   17.508455752
    0.571113538    3.894903261   62.721251987
    0.574633077    4.160949986   81.464364954
    0.578152615    4.442325488   72.743813092
    0.581672154    4.660981536   48.516573349
    0.585191692    4.787506219   21.331355081
    0.588711231    4.828364070    2.576655850
    0.592230769    4.823581769   -4.785815929
    0.595750308    4.816590198    2.375765909
    0.599269846    4.860224122   22.409164433
    0.602789385    4.994887864   54.045518932
    0.606308923    5.253799814   92.300993509
    0.609828462    5.648553302  129.220563047
    0.613348000    6.156555020  155.014668900
    0.616867538    6.720739013  159.964136495
    0.620387077    7.262826030  143.316767452
    0.623906615    7.725271862  117.489235680
    0.627426154    8.110013593  103.292466059
    0.630945692    8.494307816  120.222256702
    0.634465231    9.003251302  172.991492487
    0.637984769    9.747776496  250.344958184
    0.641504308   10.772087429  327.721172128
    0.645023846   12.030364214  380.651534875
    0.648543385   13.415768757  399.118629432
    0.652062923   14.822232546  396.373116747
    0.655582462   16.218934805  398.605233557
    0.659102000   17.668229337  428.443862760
    0.662621538   19.278435418  489.196036361
    0.666141077   21.127713951  558.805388109
    0.669660615   23.196916012  610.827854286
    0.673180154   25.396169093  631.900788838
    0.676699692   27.630510711  635.235195650
    0.680219231   29.881334536  645.381742345
    0.683738769   32.205670798  677.029407489
    0.687258308   34.667615740  720.205999224
    0.690777846   37.259034555  745.150730461
    0.694297385   39.865359192  726.092244594
    0.697816923   42.314375931  656.622272133
    0.701336462   44.449887353  550.181391817
    0.704856000   46.177737672  429.588217734
    0.708375538   47.481981898  312.354698315
    0.711895077   48.397702161  210.372887473
    0.715414615   48.991973037  129.589359206
    0.718934154   49.341971568   72.827323807
    0.722453692   49.530162135   36.389407822
    0.725973231   49.620347861   15.972371854
    0.729492769   49.658380909    6.123992363
    0.733012308   49.672019162    2.199052288
    0.736531846   49.676652864    0.690537796
    0.740051385   49.678496432   -0.000000000
    0.743570923   49.678496432   -0.000000000
    0.747090462   49.678496432   -0.000000000
    0.750610000   49.678496432   -0.000000000
