#! FIELDS dist file.free der_dist
#! SET min_dist 0.201562
#! SET max_dist 0.75061
#! SET nbins_dist  157
#! SET periodic_dist false
    0.201562000   51.091989500   -0.313088772
    0.205081538   51.087889757   -1.860457813
    0.208601077   51.073473141   -6.796649154
    0.212120615   51.027799773  -20.894977907
    0.215640154   50.899877798  -56.050780415
    0.219159692   50.582985487 -132.377115469
    0.222679231   49.886677015 -276.514871766
    0.226198769   48.525671097 -512.945960430
    0.229718308   46.158924012 -846.201393243
    0.233237846   42.489998796 -1243.916372809
    0.236757385   37.410608381 -1632.509490223
    0.240276923   31.122075198 -1914.907485722
    0.243796462   24.154180058 -2007.696570380
    0.247316000   17.253269991 -1876.728952422
    0.250835538   11.167711421 -1554.841351179
    0.254355077    6.429551370 -1128.614459431
    0.257874615    3.218799529 -704.023760674
    0.261394154    1.368775506 -365.841667228
    0.264913692    0.495033799 -151.154410569
    0.268433231    0.170111417  -48.956877252
    0.271952769    0.064401768  -18.519757605
    0.275472308    0.011292550  -11.512934117
    0.278991846    0.000000000   10.673889932
    0.282511385    0.126769013   66.768229735
    0.286030923    0.507555041  151.420484512
    0.289550462    1.198978138  237.655504345
    0.293070000    2.151016246  294.269125612
    0.296589538    3.225474506  306.681852487
    0.300109077    4.271041243  280.682152162
    0.303628615    5.185553950  236.610682902
    0.307148154    5.945470736  194.808259795
    0.310667692    6.586791685  171.692814155
    0.314187231    7.188958525  172.780475023
    0.317706769    7.828878468  189.676879234
    0.321226308    8.528619755  204.049404738
    0.324745846    9.242872073  194.349274788
    0.328265385    9.875912229  160.920760117
    0.331784923   10.375309628  122.743787089
    0.335304462   10.774227540  108.512766347
    0.338824000   11.185876526  128.652845683
    0.342343538   11.706511712  164.625062681
    0.345863077   12.325065919  178.553809675
    0.349382615   12.905323081  139.841531550
    0.352902154   13.254832496   51.081663905
    0.356421692   13.253048945  -51.497109647
    0.359941231   12.935103739 -121.738682449
    0.363460769   12.474500516 -131.171832664
    0.366980308   12.078593102  -88.886869721
    0.370499846   11.871696338  -29.966420053
    0.374019385   11.846892771    8.131315436
    0.377538923   11.891684857   10.241853690
    0.381058462   11.885816120  -18.743151178
    0.384578000   11.754112355  -57.672654997
    0.388097538   11.493059072  -89.426363651
    0.391617077   11.141488680 -109.952658848
    0.395136615   10.730335017 -123.975104984
    0.398656154   10.271882143 -136.974127729
    0.402175692    9.773721520 -146.572689410
    0.405695231    9.254525204 -149.251887105
    0.409214769    8.737245404 -145.057000401
    0.412734308    8.236639623 -140.539254217
    0.416253846    7.750405716 -138.147469855
    0.419773385    7.273501066 -134.267333639
    0.423292923    6.816070296 -125.285177789
    0.426812462    6.396622552 -114.561409193
    0.430332000    6.016523646 -103.826308821
    0.433851538    5.671984600  -92.920752541
    0.437371077    5.367162716  -80.189691206
    0.440890615    5.111895012  -67.006424394
    0.444410154    4.895911551  -58.220369855
    0.447929692    4.695708751  -59.295422908
    0.451449231    4.478782310  -65.916655244
    0.454968769    4.240272777  -69.308617997
    0.458488308    4.005370642  -63.492630276
    0.462007846    3.803827195  -52.708195436
    0.465527385    3.638723144  -44.183393605
    0.469046923    3.490912665  -42.000484962
    0.472566462    3.344498026  -41.765919217
    0.476086000    3.204771848  -38.132376966
    0.479605538    3.085800644  -30.815761531
    0.483125077    2.991892049  -25.222080121
    0.486644615    2.910462727  -23.990773679
    0.490164154    2.829983743  -22.620979216
    0.493683692    2.762030218  -16.583875286
    0.497203231    2.724052757   -6.776483953
    0.500722769    2.714779636   -2.375962776
    0.504242308    2.699501206   -9.264889848
    0.507761846    2.645153859  -23.609719336
    0.511281385    2.548853694  -29.391539417
    0.514800923    2.464375963  -17.698198445
    0.518320462    2.444278480    4.078576220
    0.521840000    2.490424420   17.918760956
    0.525359538    2.548388194    9.643062618
    0.528879077    2.547560007  -12.634549804
    0.532398615    2.474986662  -27.944504450
    0.535918154    2.386271475  -19.276862087
    0.539437692    2.371028570   11.171438239
    0.542957231    2.476727209   45.324317891
    0.546476769    2.673033250   60.444088177
    0.549996308    2.869293000   44.849593784
    0.553515846    2.968116358    8.252789073
    0.557035385    2.939726305  -23.518159994
    0.560554923    2.845397273  -25.982716245
    0.564074462    2.800775496    3.805054311
    0.567594000    2.892576399   46.500150421
    0.571113538    3.120132193   77.258552908
    0.574633077    3.410031168   80.638496091
    0.578152615    3.666814323   60.420751522
    0.581672154    3.830930277   30.801725443
    0.585191692    3.894527098    4.138939045
    0.588711231    3.882776956   -9.552751828
    0.592230769    3.849812815   -8.205268986
    0.595750308    3.850988850   10.746691622
    0.599269846    3.948000875   44.289344335
    0.602789385    4.181485924   87.603731403
    0.606308923    4.570234932  130.976770160
    0.609828462    5.096227380  163.390466746
    0.613348000    5.702981234  175.694032263
    0.616867538    6.309080670  162.880030333
    0.620387077    6.832414716  130.478716351
    0.623906615    7.231763487   95.739503907
    0.627426154    7.536740557   81.018973933
    0.630945692    7.852259615  104.171607631
    0.634465231    8.321656898  166.808896068
    0.637984769    9.063061286  254.566673462
    0.641504308   10.118193344  340.474837422
    0.645023846   11.431742785  398.508225691
    0.648543385   12.882224686  417.349449204
    0.652062923   14.346370645  410.111915792
    0.655582462   15.778324255  404.579187568
    0.659102000   17.234425156  426.520410342
    0.662621538   18.828066115  482.306449709
    0.666141077   20.650343950  550.820129396
    0.669660615   22.693802642  604.294637552
    0.673180154   24.873496303  627.167215554
    0.676699692   27.093647073  631.721138726
    0.680219231   29.335230518  643.970478334
    0.683738769   31.663327401  681.264931179
    0.687258308   34.159414084  736.493191066
    0.690777846   36.839819473  780.350775786
    0.694297385   39.609922466  784.083228195
    0.697816923   42.300633708  734.817374918
    0.701336462   44.733797811  639.066595679
    0.704856000   46.773947305  515.860972361
    0.708375538   48.360034247  384.426473300
    0.711895077   49.495356371  262.674585784
    0.715414615   50.238827130  162.580652549
    0.718934154   50.677364327   90.925450192
    0.722453692   50.911369689   45.060815453
    0.725973231   51.022241949   19.637325568
    0.729492769   51.068815227    7.372706889
    0.733012308   51.085140184    2.611643290
    0.736531846   51.090915658    0.690537796
    0.740051385   51.092759226   -0.000000000
    0.743570923   51.092759226   -0.000000000
    0.747090462   51.092759226   -0.000000000
    0.750610000   51.092759226   -0.000000000
