#! FIELDS dist file.free der_dist
#! SET min_dist 0.201562
#! SET max_dist 0.75061
#! SET nbins_dist  157
#! SET periodic_dist false
    0.201562000   30.227609402   -0.000000000
    0.205081538   30.227245263   -0.143520182
    0.208601077   30.225832911   -0.654161553
    0.212120615   30.220701455   -2.367997514
    0.215640154   30.204274152   -7.387372294
    0.219159692   30.158521400  -19.992295620
    0.222679231   30.044386277  -48.012879410
    0.226198769   29.786810364 -103.838859639
    0.229718308   29.261548430 -202.759516096
    0.233237846   28.292039406 -357.917212188
    0.236757385   26.672246143 -570.981459855
    0.240276923   24.227545583 -821.088548145
    0.243796462   20.903079005 -1060.798892784
    0.247316000   16.848660907 -1224.806683139
    0.250835538   12.437740964 -1255.727875694
    0.254355077    8.191862696 -1131.697597128
    0.257874615    4.620976429 -881.017753567
    0.261394154    2.059200936 -571.221847787
    0.264913692    0.577086923 -279.555121461
    0.268433231    0.000000000  -63.768651609
    0.271952769    0.012553647   55.457035310
    0.275472308    0.297268177   96.614736399
    0.278991846    0.651372067  103.561270376
    0.282511385    1.038852864  121.371572252
    0.286030923    1.541980258  169.211313539
    0.289550462    2.248898399  232.277900608
    0.293070000    3.159067545  278.519452255
    0.296589538    4.170980678  289.257495677
    0.300109077    5.164300884  271.012556733
    0.303628615    6.077017327  247.917744641
    0.307148154    6.931691720  239.297783223
    0.310667692    7.789869269  249.559863832
    0.314187231    8.701531321  267.499330913
    0.317706769    9.662098653  273.268200018
    0.321226308   10.595800041  251.091101541
    0.324745846   11.393940735  196.000371609
    0.328265385   11.965545124  128.135115540
    0.331784923   12.319675985   77.452902144
    0.335304462   12.563001884   67.777743805
    0.338824000   12.843728657   95.273060761
    0.342343538   13.247701943  131.262747596
    0.345863077   13.745329897  145.132207443
    0.349382615   14.231355878  125.029282437
    0.352902154   14.605540851   85.775219563
    0.356421692   14.844586815   52.357157270
    0.359941231   15.002165443   40.491755035
    0.363460769   15.154746353   47.147095476
    0.366980308   15.334364606   52.290046878
    0.370499846   15.496858378   35.067858461
    0.374019385   15.545443216  -13.053163433
    0.377538923   15.385722166  -79.428750277
    0.381058462   14.995182296 -140.205787109
    0.384578000   14.436563742 -171.719651018
    0.388097538   13.828456786 -168.887059981
    0.391617077   13.271239983 -147.054409485
    0.395136615   12.789137613 -129.621481358
    0.398656154   12.337708101 -129.786887461
    0.402175692   11.862154653 -141.379324223
    0.405695231   11.348859373 -149.218523560
    0.409214769   10.832025441 -142.092974629
    0.412734308   10.364036582 -122.430279867
    0.416253846    9.975199987 -100.300660851
    0.419773385    9.651995009  -86.163978030
    0.423292923    9.348267830  -89.756130322
    0.426812462    8.994886332 -115.038174275
    0.430332000    8.528191359 -151.995022628
    0.433851538    7.939534249 -178.868714367
    0.437371077    7.304661879 -175.588597700
    0.440890615    6.745971418 -138.001129534
    0.444410154    6.354255180  -84.814809492
    0.447929692    6.134450057  -45.836569278
    0.451449231    5.997821380  -38.152640965
    0.454968769    5.834831636  -58.065050793
    0.458488308    5.580855211  -85.937033960
    0.462007846    5.244608822 -103.305499967
    0.465527385    4.882206645 -100.731638921
    0.469046923    4.559581311  -80.839688306
    0.472566462    4.322877992  -53.183093726
    0.476086000    4.180748681  -29.746076676
    0.479605538    4.101138592  -18.856092575
    0.483125077    4.036675897  -20.457403922
    0.486644615    3.961261697  -22.498509001
    0.490164154    3.902248618   -8.105034111
    0.493683692    3.931324567   26.588899699
    0.497203231    4.096039462   64.294209838
    0.500722769    4.354533596   74.676328306
    0.504242308    4.571228982   40.595821567
    0.507761846    4.604195782  -25.640850265
    0.511281385    4.401374930  -85.604173146
    0.514800923    4.050906293 -107.052021272
    0.518320462    3.702476559  -87.088873239
    0.521840000    3.461747410  -50.275498663
    0.525359538    3.334404740  -26.811039153
    0.528879077    3.251163562  -24.154537073
    0.532398615    3.159841218  -28.795797471
    0.535918154    3.068058438  -20.991424958
    0.539437692    3.037013352    4.389241324
    0.542957231    3.110009545   34.740315706
    0.546476769    3.264247758   48.149952082
    0.549996308    3.412371215   30.357833833
    0.553515846    3.450550080  -11.619556901
    0.557035385    3.336684277  -51.848982138
    0.560554923    3.126729690  -62.305996373
    0.564074462    2.947196569  -34.299802081
    0.567594000    2.917764237   18.696962424
    0.571113538    3.086283435   74.895519496
    0.574633077    3.431509042  117.176626436
    0.578152615    3.895908127  143.172694510
    0.581672154    4.431052510  158.795481115
    0.585191692    5.009670193  166.849090416
    0.588711231    5.600704871  166.455273939
    0.592230769    6.164145909  149.477533247
    0.595750308    6.631325707  112.206361805
    0.599269846    6.933815942   55.776470463
    0.602789385    7.020453822   -7.514955523
    0.606308923    6.898144633  -59.039886137
    0.609828462    6.644041353  -79.903805910
    0.613348000    6.388249596  -59.709956318
    0.616867538    6.269531852   -4.443782731
    0.620387077    6.382100339   68.389218020
    0.623906615    6.753136785  139.579435020
    0.627426154    7.354658133  199.017297690
    0.630945692    8.144445530  248.273341510
    0.634465231    9.096882450  291.635878336
    0.637984769   10.195290237  330.128103999
    0.641504308   11.411848692  357.919589770
    0.645023846   12.694736448  367.107034622
    0.648543385   13.978528872  359.186036084
    0.652062923   15.225609693  349.560784245
    0.655582462   16.466504301  359.168520709
    0.659102000   17.795511741  399.483458216
    0.662621538   19.311066844  462.893733991
    0.666141077   21.051322907  521.443736731
    0.669660615   22.943519481  545.284606575
    0.673180154   24.830261019  516.435859696
    0.676699692   26.525866168  439.734513518
    0.680219231   27.894860156  335.102362905
    0.683738769   28.884938067  228.141949506
    0.687258308   29.524656247  138.880940891
    0.690777846   29.894943617   75.209530837
    0.694297385   30.085492963   36.354922238
    0.697816923   30.173585599   15.407541324
    0.701336462   30.210115553    5.453350378
    0.704856000   30.222106013    1.901254813
    0.708375538   30.226408315    0.443566008
    0.711895077   30.227609402   -0.000000000
    0.715414615   30.227609402   -0.000000000
    0.718934154   30.227609402   -0.000000000
    0.722453692   30.227609402   -0.000000000
    0.725973231   30.227609402   -0.000000000
    0.729492769   30.227609402   -0.000000000
    0.733012308   30.227609402   -0.000000000
    0.736531846   30.227609402   -0.000000000
    0.740051385   30.227609402   -0.000000000
    0.743570923   30.227609402   -0.000000000
    0.747090462   30.227609402   -0.000000000
    0.750610000   30.227609402   -0.000000000
