#! FIELDS dist file.free der_dist
#! SET min_dist 0.201562
#! SET max_dist 0.75061
#! SET nbins_dist  157
#! SET periodic_dist false
    0.201562000   42.357821631   -0.067739624
    0.205081538   42.355977300   -0.786567986
    0.208601077   42.349285644   -3.158284934
    0.212120615   42.326855283  -10.371126391
    0.215640154   42.260774930  -29.422963455
    0.219159692   42.088944780  -73.209820848
    0.222679231   41.692313647 -161.053366949
    0.226198769   40.875334707 -315.465433742
    0.229718308   39.373632839 -551.321163313
    0.233237846   36.904202371 -861.743507552
    0.236757385   33.264037355 -1206.995876180
    0.240276923   28.449235577 -1515.647715644
    0.243796462   22.735428907 -1704.339154688
    0.247316000   16.669224193 -1708.607677304
    0.250835538   10.942689140 -1513.657578261
    0.254355077    6.195030514 -1164.800305576
    0.257874615    2.817319473 -752.255169856
    0.261394154    0.856573505 -374.373397599
    0.264913692    0.056985130 -100.288775141
    0.268433231    0.000000000   47.935560099
    0.271952769    0.269242089   91.513183255
    0.275472308    0.576482467   78.578348189
    0.278991846    0.817851415   62.636841236
    0.282511385    1.058345709   81.426459632
    0.286030923    1.440398205  140.174416598
    0.289550462    2.063582073  211.881989997
    0.293070000    2.905806879  258.175558201
    0.296589538    3.834031798  259.846024223
    0.300109077    4.699625213  226.818027822
    0.303628615    5.430123799  189.045974561
    0.307148154    6.062724907  173.573555328
    0.310667692    6.698988420  191.603787643
    0.314187231    7.443818125  232.384307757
    0.317706769    8.334663482  268.527957320
    0.321226308    9.302441787  273.243052493
    0.324745846   10.210083547  233.520635313
    0.328265385   10.923770447  169.431395113
    0.331784923   11.422274255  117.700052688
    0.335304462   11.809804113  110.247381524
    0.338824000   12.254137248  145.797602597
    0.342343538   12.851815600  189.181126330
    0.345863077   13.544588054  193.587077834
    0.349382615   14.140293418  132.684688424
    0.352902154   14.423479649   21.963386872
    0.356421692   14.297824409  -89.786692556
    0.359941231   13.855913174 -150.334917631
    0.363460769   13.336163921 -133.628991191
    0.366980308   12.990553061  -56.983307988
    0.370499846   12.952736700   33.064546059
    0.374019385   13.184390728   88.000326828
    0.377538923   13.510259743   86.854088095
    0.381058462   13.740877831   37.095515283
    0.384578000   13.754469106  -30.986322557
    0.388097538   13.538884122  -88.507344972
    0.391617077   13.160830407 -123.243233064
    0.395136615   12.697885308 -137.656654067
    0.398656154   12.207397466 -139.795895845
    0.402175692   11.727369025 -132.523085219
    0.405695231   11.288059655 -117.921548092
    0.409214769   10.905608288 -100.525423009
    0.412734308   10.574345232  -89.926718390
    0.416253846   10.263826638  -89.982430686
    0.419773385    9.938984470  -96.577697070
    0.423292923    9.584424815 -105.250498666
    0.426812462    9.196329712 -116.854123246
    0.430332000    8.765134565 -129.996116700
    0.433851538    8.290949392 -138.739385803
    0.437371077    7.804661005 -135.007792362
    0.440890615    7.361449594 -116.158846896
    0.444410154    7.000999159  -89.109196467
    0.447929692    6.732293437  -67.096132497
    0.451449231    6.523264583  -54.570121227
    0.454968769    6.344564505  -47.832943531
    0.458488308    6.189860725  -40.137942369
    0.462007846    6.067304891  -30.977923384
    0.465527385    5.974729258  -24.413439539
    0.469046923    5.890205686  -26.038196555
    0.472566462    5.782194916  -37.039482723
    0.476086000    5.622294287  -55.729608289
    0.479605538    5.390049315  -77.496153256
    0.483125077    5.086209981  -95.356264059
    0.486644615    4.742729031  -98.515913438
    0.490164154    4.426948252  -77.757160314
    0.493683692    4.223015346  -36.892781064
    0.497203231    4.175533520    6.926108005
    0.500722769    4.253942896   31.172346982
    0.504242308    4.364229425   26.265009871
    0.507761846    4.419191266    2.169584547
    0.511281385    4.392072473  -15.100592183
    0.514800923    4.345193796   -8.928404191
    0.518320462    4.358311092   16.217431749
    0.521840000    4.462413693   39.816427327
    0.525359538    4.616634146   42.346512311
    0.528879077    4.742330872   25.620107970
    0.532398615    4.800766092    6.868599838
    0.535918154    4.816626566    4.590237255
    0.539437692    4.860217144   20.901288753
    0.542957231    4.975196424   41.611401487
    0.546476769    5.137058841   45.324428958
    0.549996308    5.261845004   19.831652093
    0.553515846    5.257425419  -24.529434626
    0.557035385    5.105326974  -59.507936362
    0.560554923    4.888815816  -57.767428357
    0.564074462    4.751192891  -15.906350793
    0.567594000    4.801411649   43.150644688
    0.571113538    5.043289119   88.370833436
    0.574633077    5.387637635   99.552452387
    0.578152615    5.712941601   79.863589296
    0.581672154    5.939694203   47.211571787
    0.585191692    6.056651859   18.939087561
    0.588711231    6.098317519    6.755094983
    0.592230769    6.125925615    9.969288204
    0.595750308    6.186177802   25.156293421
    0.599269846    6.311707032   44.509738462
    0.602789385    6.504501121   63.003530350
    0.606308923    6.754289228   76.953024640
    0.609828462    7.044247175   85.625802597
    0.613348000    7.358222784   90.872962120
    0.616867538    7.686698605   94.272288304
    0.620387077    8.028470404   99.275597219
    0.623906615    8.401788560  113.314109516
    0.627426154    8.853856465  146.132220958
    0.630945692    9.464725933  204.511117143
    0.634465231   10.320019510  282.318036700
    0.637984769   11.457782444  360.307090913
    0.641504308   12.829570179  411.085224795
    0.645023846   14.299801354  415.105745532
    0.648543385   15.705661973  376.859999648
    0.652062923   16.947237977  328.799834273
    0.655582462   18.063551509  312.356671068
    0.659102000   19.221712007  354.075671621
    0.662621538   20.627138201  450.453473439
    0.666141077   22.422934801  568.777870174
    0.669660615   24.615804182  670.477981965
    0.673180154   27.093490197  726.842038180
    0.676699692   29.674810468  730.264011272
    0.680219231   32.183514890  687.724850999
    0.683738769   34.484686830  614.722971203
    0.687258308   36.497725603  526.822415882
    0.690777846   38.189710539  433.286245987
    0.694297385   39.551123304  339.815545851
    0.697816923   40.589515423  250.288132707
    0.701336462   41.328666188  169.858941087
    0.704856000   41.809196143  105.170416425
    0.708375538   42.092935981   58.388481189
    0.711895077   42.242788868   28.868955280
    0.715414615   42.314160726   12.251531346
    0.718934154   42.342698250    4.776810315
    0.722453692   42.353194064    1.661697271
    0.725973231   42.356932662    0.393291714
    0.729492769   42.357983998   -0.000000000
    0.733012308   42.357983998   -0.000000000
    0.736531846   42.357983998   -0.000000000
    0.740051385   42.357983998   -0.000000000
    0.743570923   42.357983998   -0.000000000
    0.747090462   42.357983998   -0.000000000
    0.750610000   42.357983998   -0.000000000
