#! FIELDS dist file.free der_dist
#! SET min_dist 0.201562
#! SET max_dist 0.75061
#! SET nbins_dist  157
#! SET periodic_dist false
    0.201562000   40.425427265   -0.067739624
    0.205081538   40.423709284   -0.736560648
    0.208601077   40.417567403   -2.906473366
    0.212120615   40.396899338   -9.540892161
    0.215640154   40.336099426  -27.042694408
    0.219159692   40.178209122  -67.228505063
    0.222679231   39.814080834 -147.825914399
    0.226198769   39.064058973 -289.684698529
    0.229718308   37.683906559 -507.123261915
    0.233237846   35.408904298 -795.144164284
    0.236757385   32.042015818 -1119.046072018
    0.240276923   27.563710928 -1414.282073246
    0.243796462   22.210792617 -1603.187545674
    0.247316000   16.477998186 -1622.657548733
    0.250835538   11.009809147 -1454.154544389
    0.254355077    6.417637206 -1136.087152633
    0.257874615    3.089473799 -751.980602958
    0.261394154    1.089150797 -395.797655321
    0.264913692    0.188574170 -134.789107089
    0.268433231    0.000000000    9.037129734
    0.271952769    0.135912525   55.699560638
    0.275472308    0.330404015   50.896962573
    0.278991846    0.491901629   44.937191656
    0.282511385    0.686335492   72.529615037
    0.286030923    1.048259341  137.137298765
    0.289550462    1.666178997  211.691940457
    0.293070000    2.509462154  258.860771435
    0.296589538    3.440805539  261.116800851
    0.300109077    4.312583757  229.255714548
    0.303628615    5.053988288  192.874563554
    0.307148154    5.700316476  177.143789932
    0.310667692    6.342839680  190.748717734
    0.314187231    7.068653839  221.571313579
    0.317706769    7.897127229  243.566274266
    0.321226308    8.751953721  234.646765157
    0.324745846    9.508370353  187.719777107
    0.328265385   10.063119009  126.864826965
    0.331784923   10.432817032   88.495751485
    0.335304462   10.750522929  100.403764053
    0.338824000   11.195302941  155.604258254
    0.342343538   11.856595407  214.685680632
    0.345863077   12.658517741  229.211932952
    0.349382615   13.389214126  172.948926975
    0.352902154   13.815247559   62.210241861
    0.356421692   13.824788098  -53.841372965
    0.359941231   13.496557627 -122.098736639
    0.363460769   13.059026628 -115.243270248
    0.366980308   12.760311783  -48.472520835
    0.370499846   12.737983914   33.879336498
    0.374019385   12.964392217   84.878142838
    0.377538923   13.278473809   83.868151807
    0.381058462   13.503358493   37.125586954
    0.384578000   13.522853131  -27.938052358
    0.388097538   13.319298097  -85.384181305
    0.391617077   12.946570863 -123.775374180
    0.395136615   12.473883736 -142.094867490
    0.398656154   11.969078942 -141.898798243
    0.402175692   11.501533423 -121.241790864
    0.405695231   11.138707815  -84.872628354
    0.409214769   10.910378798  -47.356195099
    0.412734308   10.782681865  -30.582995565
    0.416253846   10.661221870  -45.420649689
    0.419773385   10.439905288  -84.264237044
    0.423292923   10.061346420 -130.787538865
    0.426812462    9.528113710 -171.220768963
    0.430332000    8.882669739 -193.664174374
    0.433851538    8.200872517 -189.325554728
    0.437371077    7.586031902 -155.294606359
    0.440890615    7.136579785  -99.261038130
    0.444410154    6.894463246  -40.701004675
    0.447929692    6.829231359   -3.094762643
    0.451449231    6.843147208    4.835906355
    0.454968769    6.839822403   -9.494650981
    0.458488308    6.771262553  -29.515673009
    0.462007846    6.642092487  -43.628169332
    0.465527385    6.480122865  -49.050742663
    0.469046923    6.306077556  -50.393801903
    0.472566462    6.125949819  -52.546130328
    0.476086000    5.933880307  -58.026475577
    0.479605538    5.719267196  -65.156026818
    0.483125077    5.483732818  -69.105193878
    0.486644615    5.252477296  -61.779357315
    0.490164154    5.075815911  -36.673554671
    0.493683692    5.012479762    0.736039201
    0.497203231    5.079678098   33.499429086
    0.500722769    5.223926916   41.675373427
    0.504242308    5.340629189   19.670055908
    0.507761846    5.347478747  -17.471574152
    0.511281385    5.239312854  -40.016606270
    0.514800923    5.107875087  -30.756317412
    0.518320462    5.057385431    2.344845604
    0.521840000    5.126230569   33.167981535
    0.525359538    5.263367075   38.440229781
    0.528879077    5.373690554   20.517986086
    0.532398615    5.410455832    0.009224216
    0.535918154    5.402093331   -1.792411943
    0.539437692    5.427152216   17.041336385
    0.542957231    5.532134353   39.502888355
    0.546476769    5.686146317   42.715603191
    0.549996308    5.798819010   15.844071699
    0.553515846    5.781158690  -27.210106170
    0.557035385    5.629462438  -55.629307576
    0.560554923    5.445031840  -42.907288834
    0.564074462    5.379666631    9.941870038
    0.567594000    5.532775462   74.592131240
    0.571113538    5.881916447  116.499216513
    0.574633077    6.306160895  115.751542960
    0.578152615    6.659575176   79.341229169
    0.581672154    6.855076704   30.623555403
    0.585191692    6.892479575   -8.503566553
    0.588711231    6.829276937  -24.030521316
    0.592230769    6.752420762  -17.644019276
    0.595750308    6.726040917    3.716388254
    0.599269846    6.785543326   27.976092400
    0.602789385    6.922819130   47.316867858
    0.606308923    7.113347343   58.731569669
    0.609828462    7.334084243   64.965601962
    0.613348000    7.575854006   71.434329874
    0.616867538    7.844793124   80.617348061
    0.620387077    8.152514484   93.721051707
    0.623906615    8.518400931  114.119037984
    0.627426154    8.976981803  148.090196539
    0.630945692    9.587491045  201.451716286
    0.634465231   10.416439420  270.279155352
    0.637984769   11.496356196  340.169594204
    0.641504308   12.792020012  389.490697068
    0.645023846   14.197496053  401.527384167
    0.648543385   15.580614599  378.376913615
    0.652062923   16.854517676  344.893860404
    0.655582462   18.040182654  333.445504418
    0.659102000   19.258623931  364.528247944
    0.662621538   20.658950141  435.161691991
    0.666141077   22.342676245  520.058822365
    0.669660615   24.308618783  591.818286807
    0.673180154   26.474634148  631.141891895
    0.676699692   28.713483743  634.200031855
    0.680219231   30.904550703  605.240110395
    0.683738769   32.950976444  553.084346644
    0.687258308   34.785129655  486.399193872
    0.690777846   36.366322099  409.978801672
    0.694297385   37.667262198  327.948699627
    0.697816923   38.676533151  244.924404947
    0.701336462   39.402997481  167.801634863
    0.704856000   39.878689043  104.544454233
    0.708375538   40.161093644   58.185957181
    0.711895077   40.310394502   28.868955280
    0.715414615   40.381766360   12.251531346
    0.718934154   40.410303884    4.776810315
    0.722453692   40.420799698    1.661697271
    0.725973231   40.424538296    0.393291714
    0.729492769   40.425589632   -0.000000000
    0.733012308   40.425589632   -0.000000000
    0.736531846   40.425589632   -0.000000000
    0.740051385   40.425589632   -0.000000000
    0.743570923   40.425589632   -0.000000000
    0.747090462   40.425589632   -0.000000000
    0.750610000   40.425589632   -0.000000000
