#! FIELDS dist file.free der_dist
#! SET min_dist 0.201562
#! SET max_dist 0.75061
#! SET nbins_dist  157
#! SET periodic_dist false
    0.201562000   44.665365804   -0.067739624
    0.205081538   44.663325967   -0.864347811
    0.208601077   44.655940570   -3.486656116
    0.212120615   44.631250866  -11.431352897
    0.215640154   44.558544156  -32.390975402
    0.219159692   44.369592276  -80.488838400
    0.222679231   43.933951721 -176.742175526
    0.226198769   43.038940752 -345.094436755
    0.229718308   41.400165320 -600.306410512
    0.233237846   38.720091146 -932.367968556
    0.236757385   34.797895403 -1295.321802301
    0.240276923   29.656369542 -1610.641972971
    0.243796462   23.618277723 -1791.084780389
    0.247316000   17.280583202 -1774.578807185
    0.250835538   11.366121719 -1554.608293158
    0.254355077    6.511136496 -1186.441030988
    0.257874615    3.073974698 -766.550223956
    0.261394154    1.058014192 -393.020968019
    0.264913692    0.175297806 -129.187612873
    0.268433231    0.000000000   10.461862644
    0.271952769    0.131991008   52.356904124
    0.275472308    0.309803635   45.273631329
    0.278991846    0.451097896   39.483141896
    0.282511385    0.628584997   68.590972976
    0.286030923    0.980741629  135.533431585
    0.289550462    1.599240894  213.467088269
    0.293070000    2.456614518  264.958515007
    0.296589538    3.415852802  270.256449527
    0.300109077    4.319565352  237.183223024
    0.303628615    5.078900095  194.091957919
    0.307148154    5.713345958  169.182710071
    0.310667692    6.317574264  178.423169321
    0.314187231    7.010097549  217.245101666
    0.317706769    7.859435223  261.593726809
    0.321226308    8.828733493  281.539999969
    0.324745846    9.791159840  255.004701647
    0.328265385   10.587610548  192.324144273
    0.331784923   11.145393054  125.795699652
    0.335304462   11.517162313   91.966917511
    0.338824000   11.849211113  101.361536792
    0.342343538   12.263034858  132.231047929
    0.345863077   12.765339237  146.078116648
    0.349382615   13.242489086  115.668850076
    0.352902154   13.537903342   46.558490985
    0.356421692   13.569544320  -26.754759219
    0.359941231   13.395766051  -64.420879450
    0.363460769   13.188455789  -45.676537572
    0.366980308   13.128203758   14.588430190
    0.370499846   13.295757454   76.998591791
    0.374019385   13.628685920  101.820844901
    0.377538923   13.957475431   76.155734059
    0.381058462   14.123570750   13.173218521
    0.384578000   14.050058413  -54.388062811
    0.388097538   13.770416600 -100.185483021
    0.391617077   13.380528531 -118.381986861
    0.395136615   12.961119918 -118.906867011
    0.398656154   12.549721277 -115.362954607
    0.402175692   12.151573320 -112.057092817
    0.405695231   11.765337404 -109.330658894
    0.409214769   11.385546222 -108.051482357
    0.412734308   10.999201898 -113.286064091
    0.416253846   10.585085536 -124.321247326
    0.419773385   10.132271811 -133.459566899
    0.423292923    9.658501454 -134.488870410
    0.426812462    9.194031816 -130.062200428
    0.430332000    8.750520623 -124.026790934
    0.433851538    8.326150483 -117.880156337
    0.437371077    7.923939974 -110.287801360
    0.440890615    7.554918275 -100.834378924
    0.444410154    7.217890951  -92.109994440
    0.447929692    6.904972862  -88.432186281
    0.451449231    6.600410737  -85.515335126
    0.454968769    6.314920879  -75.484346894
    0.458488308    6.085822140  -53.449025706
    0.462007846    5.949738687  -25.317704874
    0.465527385    5.907579261   -2.471695995
    0.469046923    5.918252742    4.567945927
    0.472566462    5.920847257   -6.189935487
    0.476086000    5.861195135  -30.335055392
    0.479605538    5.705817160  -59.248683426
    0.483125077    5.454482375  -83.591208269
    0.486644615    5.141806443  -92.904109822
    0.490164154    4.832673167  -80.150034758
    0.493683692    4.601343323  -50.788800705
    0.497203231    4.481005842  -20.775154356
    0.500722769    4.439458878   -8.763114800
    0.504242308    4.396675229  -19.479377445
    0.507761846    4.293955767  -40.109650296
    0.511281385    4.137381597  -45.254929666
    0.514800923    4.013785282  -22.000073360
    0.518320462    4.011457679   19.876313710
    0.521840000    4.151541528   55.493885029
    0.525359538    4.371703330   62.945488172
    0.528879077    4.568521291   44.351447562
    0.532398615    4.683031119   19.500897918
    0.535918154    4.730631400   10.098102173
    0.539437692    4.783739871   21.337394121
    0.542957231    4.896753780   40.568671368
    0.546476769    5.057054294   45.726006460
    0.549996308    5.187012225   22.126100041
    0.553515846    5.191578475  -22.188117455
    0.557035385    5.044444478  -59.550899078
    0.560554923    4.821968133  -61.215902838
    0.564074462    4.666756809  -22.394536083
    0.567594000    4.690212235   34.464498776
    0.571113538    4.898456837   77.848003910
    0.574633077    5.202395972   87.061159157
    0.578152615    5.480454621   65.467643635
    0.581672154    5.654440877   31.747843341
    0.585191692    5.717430520    3.874976052
    0.588711231    5.709673855   -6.076031411
    0.592230769    5.698494410    0.851263492
    0.595750308    5.735037526   20.905248480
    0.599269846    5.856658077   46.951441867
    0.602789385    6.075049872   75.914003174
    0.606308923    6.397025528  105.890539785
    0.609828462    6.823421838  134.303658266
    0.613348000    7.339913425  155.814650064
    0.616867538    7.906936835  161.731324242
    0.620387077    8.460926591  148.682782237
    0.623906615    8.947578355  125.732274055
    0.627426154    9.363917990  113.123434597
    0.630945692    9.785797705  132.338021998
    0.634465231   10.345239895  190.224993164
    0.637984769   11.161707455  274.100914654
    0.641504308   12.276049759  354.131517884
    0.645023846   13.617555740  399.826309481
    0.648543385   15.039943997  399.317926767
    0.652062923   16.400198829  369.355383394
    0.655582462   17.650929853  343.360639257
    0.659102000   18.864547598  351.338626975
    0.662621538   20.180531835  401.452412668
    0.666141077   21.722328467  474.653438087
    0.669660615   23.521698105  543.952490393
    0.673180154   25.529350218  590.841782586
    0.676699692   27.662928647  617.819755462
    0.680219231   29.874482376  637.622303841
    0.683738769   32.157859632  658.134714653
    0.687258308   34.504538731  671.405792190
    0.690777846   36.852908721  654.987814565
    0.694297385   39.063362442  591.864531040
    0.697816923   40.968382557  483.475788126
    0.701336462   42.444126034  351.731616676
    0.704856000   43.458533347  226.831161176
    0.708375538   44.076266426  128.940736839
    0.711895077   44.408218805   64.474203403
    0.715414615   44.566432953   27.915055826
    0.718934154   44.631027752   10.868562986
    0.722453692   44.655085214    3.632755767
    0.725973231   44.663423444    0.784073590
    0.729492769   44.665528170   -0.000000000
    0.733012308   44.665528170   -0.000000000
    0.736531846   44.665528170   -0.000000000
    0.740051385   44.665528170   -0.000000000
    0.743570923   44.665528170   -0.000000000
    0.747090462   44.665528170   -0.000000000
    0.750610000   44.665528170   -0.000000000
