#! FIELDS dist file.free der_dist
#! SET min_dist 0.201562
#! SET max_dist 0.75061
#! SET nbins_dist  157
#! SET periodic_dist false
    0.201562000   57.685244283   -0.868764096
    0.205081538   57.676548391   -3.989959671
    0.208601077   57.648072488  -13.229000195
    0.212120615   57.563804826  -37.774289511
    0.215640154   57.341825481  -95.092753180
    0.219159692   56.822270032 -212.024307101
    0.222679231   55.740829350 -419.492134589
    0.226198769   53.735688715 -738.103284536
    0.229718308   50.425152383 -1155.445929413
    0.233237846   45.554185643 -1610.549775884
    0.236757385   39.161989612 -2000.693180510
    0.240276923   31.675972494 -2216.036132341
    0.243796462   23.849222703 -2188.442735626
    0.247316000   16.550943783 -1923.384835461
    0.250835538   10.497068360 -1498.344420221
    0.254355077    6.055443800 -1026.950977079
    0.257874615    3.196479175 -613.572974069
    0.261394154    1.592877847 -318.983284189
    0.264913692    0.799701833 -150.433854831
    0.268433231    0.420758721  -76.406096981
    0.271952769    0.203438079  -50.828129749
    0.275472308    0.053824013  -32.124187858
    0.278991846    0.000000000    6.473357288
    0.282511385    0.135283993   74.056995942
    0.286030923    0.547872693  159.787424027
    0.289550462    1.256924733  237.658400408
    0.293070000    2.186530924  281.067996962
    0.296589538    3.192460491  281.592454761
    0.300109077    4.138149171  250.138927457
    0.303628615    4.948659615  209.400729838
    0.307148154    5.630655987  178.595910498
    0.310667692    6.241301791  170.500605176
    0.314187231    6.865559562  185.725252707
    0.317706769    7.569141247  211.637796941
    0.321226308    8.352170634  228.053673230
    0.324745846    9.146187530  214.670104114
    0.328265385    9.839717098  174.427347639
    0.331784923   10.373143129  128.274678798
    0.335304462   10.776892833  105.367638274
    0.338824000   11.162026993  116.544283053
    0.342343538   11.626955776  145.489534405
    0.345863077   12.175100047  159.005808841
    0.349382615   12.703127168  131.683394436
    0.352902154   13.064556975   67.821639554
    0.356421692   13.179412790   -1.766886043
    0.359941231   13.092163213  -42.188558939
    0.363460769   12.942885858  -37.401803695
    0.366980308   12.871327728   -2.007624944
    0.370499846   12.932186447   33.099075352
    0.374019385   13.077889530   41.770895802
    0.377538923   13.196177186   19.630288834
    0.381058462   13.195141308  -24.005459417
    0.384578000   13.031345072  -70.078148448
    0.388097538   12.719530411 -105.886870873
    0.391617077   12.304253010 -129.802655460
    0.395136615   11.820115109 -145.358065413
    0.398656154   11.291091395 -155.048079573
    0.402175692   10.744786203 -155.113978167
    0.405695231   10.219640244 -143.828780073
    0.409214769    9.747412412 -125.307760584
    0.412734308    9.336674684 -110.231796893
    0.416253846    8.967308961 -103.316248135
    0.419773385    8.612612077 -100.751369568
    0.423292923    8.264342113  -97.552772375
    0.426812462    7.927523753  -96.039521357
    0.430332000    7.592512347  -97.284648912
    0.433851538    7.247226752 -100.108788899
    0.437371077    6.894110675 -100.213142440
    0.440890615    6.552965176  -94.908768802
    0.444410154    6.236493048  -86.321466494
    0.447929692    5.948047810  -80.611522254
    0.451449231    5.673195795  -77.710720674
    0.454968769    5.407776161  -73.635711206
    0.458488308    5.164152759  -65.120089834
    0.462007846    4.955726176  -55.617682284
    0.465527385    4.776372144  -49.445173444
    0.469046923    4.608479186  -47.875358248
    0.472566462    4.444735872  -45.463063720
    0.476086000    4.298648912  -38.202791209
    0.479605538    4.184671657  -28.422862150
    0.483125077    4.098542548  -24.131830632
    0.486644615    4.012529475  -28.580559577
    0.490164154    3.901713129  -35.707796978
    0.493683692    3.772744573  -38.052318922
    0.497203231    3.649102652  -33.395270529
    0.500722769    3.544792617  -29.027752856
    0.504242308    3.443417020  -31.042672988
    0.507761846    3.325478928  -37.963105732
    0.511281385    3.191500585  -36.858856179
    0.514800923    3.090321772  -20.188596045
    0.518320462    3.069690854    6.228789007
    0.521840000    3.134734871   26.770716190
    0.525359538    3.239242074   27.162598032
    0.528879077    3.313433652   11.515100500
    0.532398615    3.327889052   -4.316814569
    0.535918154    3.309286476   -4.422130888
    0.539437692    3.324842969   13.659715509
    0.542957231    3.422837941   39.568596022
    0.546476769    3.598098011   55.651167265
    0.549996308    3.792281516   49.184875122
    0.553515846    3.926998096   23.813714461
    0.557035385    3.967172169   -1.469142100
    0.560554923    3.950144795   -5.631277068
    0.564074462    3.963933112   15.592422147
    0.567594000    4.078296942   47.230030715
    0.571113538    4.291714747   68.928162586
    0.574633077    4.543082419   67.842812851
    0.578152615    4.754471922   48.036804639
    0.581672154    4.881154323   22.058570649
    0.585191692    4.921481923   -0.791922144
    0.588711231    4.894923469  -14.074335126
    0.592230769    4.838280584  -18.496209264
    0.595750308    4.784041030  -11.515189601
    0.599269846    4.777136390    7.298314268
    0.602789385    4.858361532   38.951652617
    0.606308923    5.067867330   79.401492157
    0.609828462    5.424118465  120.311949640
    0.613348000    5.909556052  150.959614560
    0.616867538    6.470274011  162.157219216
    0.620387077    7.034592556  153.884528918
    0.623906615    7.552785959  138.473481915
    0.627426154    8.029614492  133.960238028
    0.630945692    8.532070068  154.959336127
    0.634465231    9.157742793  202.819689385
    0.637984769    9.986799687  267.467681169
    0.641504308   11.046389448  330.872390594
    0.645023846   12.300437688  376.417829860
    0.648543385   13.673161154  397.432516501
    0.652062923   15.089006501  403.608192942
    0.655582462   16.526442877  413.248392786
    0.659102000   18.029114440  442.166600285
    0.662621538   19.670630839  491.487428137
    0.666141077   21.496775287  542.047466878
    0.669660615   23.469689941  572.487200054
    0.673180154   25.499987340  574.968943221
    0.676699692   27.513532887  568.256291420
    0.680219231   29.530980838  582.245869065
    0.683738769   31.665446200  634.897618986
    0.687258308   34.043363332  717.126739245
    0.690777846   36.716425380  796.532572457
    0.694297385   39.615468021  841.537631680
    0.697816923   42.587141868  837.103508181
    0.701336462   45.459524038  785.659540102
    0.704856000   48.085688496  700.466512867
    0.708375538   50.372317843  595.383020427
    0.711895077   52.275858877  485.625240493
    0.715414615   53.804298800  383.047039144
    0.718934154   54.995121186  295.497073829
    0.722453692   55.903610667  221.661811433
    0.725973231   56.573568490  159.379388906
    0.729492769   57.042174591  107.202551347
    0.733012308   57.344738464   66.215074900
    0.736531846   57.523121253   36.576695911
    0.740051385   57.617003161   17.843670794
    0.743570923   57.661052076    7.484323751
    0.747090462   57.678312673    2.919567182
    0.750610000   57.684672214    0.993909830
