#! FIELDS dist file.free der_dist
#! SET min_dist 0.201562
#! SET max_dist 0.75061
#! SET nbins_dist  157
#! SET periodic_dist false
    0.201562000   19.556973471   -0.000000000
    0.205081538   19.556973471   -0.000000000
    0.208601077   19.556973471   -0.000000000
    0.212120615   19.556432504   -0.222697029
    0.215640154   19.554234622   -1.044343437
    0.219159692   19.545941461   -3.889587427
    0.222679231   19.520140999  -11.817977204
    0.226198769   19.448825977  -31.218824744
    0.229718308   19.273840358  -72.729662190
    0.233237846   18.894934091 -149.290039408
    0.236757385   18.169433666 -270.397920743
    0.240276923   16.942990740 -431.719793112
    0.243796462   15.111972921 -607.626395061
    0.247316000   12.701317055 -752.841223280
    0.250835538    9.903564243 -820.475888796
    0.254355077    7.047868331 -784.506636739
    0.257874615    4.491705816 -655.241981022
    0.261394154    2.496239441 -474.165325327
    0.264913692    1.154206952 -291.950640298
    0.268433231    0.396797756 -146.365127358
    0.271952769    0.064779306  -50.055276200
    0.275472308    0.000000000    9.095364510
    0.278991846    0.114935973   56.891000279
    0.282511385    0.414202366  116.222481023
    0.286030923    0.951217962  190.339203269
    0.289550462    1.748692137  259.622507611
    0.293070000    2.741045052  296.067517725
    0.296589538    3.783060510  288.539488623
    0.300109077    4.737490592  250.421407618
    0.303628615    5.550990526  214.154191407
    0.307148154    6.283096555  206.847531212
    0.310667692    7.053749061  234.901831680
    0.314187231    7.959125771  278.949310694
    0.317706769    8.998547541  304.882479701
    0.321226308   10.055304704  286.895443285
    0.324745846   10.967859871  224.658145901
    0.328265385   11.628720050  152.535410943
    0.331784923   12.080656170  111.491977512
    0.335304462   12.479784352  123.450794866
    0.338824000   12.989527285  167.656853151
    0.342343538   13.640631432  193.979153974
    0.345863077   14.284876794  159.402827423
    0.349382615   14.684367594   58.272796941
    0.352902154   14.664062665  -70.000403994
    0.356421692   14.231761201 -166.445835672
    0.359941231   13.580270951 -191.079358587
    0.363460769   12.968071219 -148.659015496
    0.366980308   12.559925286  -84.202572709
    0.370499846   12.337578894  -50.611705014
    0.374019385   12.136470720  -73.425813694
    0.377538923   11.776693007 -133.993968997
    0.381058462   11.203552409 -187.109104403
    0.384578000   10.519199821 -192.167740081
    0.388097538    9.913439623 -145.167326978
    0.391617077    9.522153475  -77.334069546
    0.395136615    9.345516819  -28.382859735
    0.398656154    9.280322403  -13.037528801
    0.402175692    9.237881042  -10.636825784
    0.405695231    9.231932062   12.006341793
    0.409214769    9.365014389   68.274117622
    0.412734308    9.723890147  133.839352841
    0.416253846   10.264974651  163.036525203
    0.419773385   10.785327330  118.942579768
    0.423292923   11.007917168   -3.623348462
    0.426812462   10.706769311 -171.509271900
    0.430332000    9.818913280 -327.032570953
    0.433851538    8.485673702 -416.255307461
    0.437371077    6.999384217 -412.537654312
    0.440890615    5.681853748 -325.026806066
    0.444410154    4.766075797 -191.859557257
    0.447929692    4.331949979  -59.594098628
    0.451449231    4.308224095   37.761855199
    0.454968769    4.541691736   86.659874977
    0.458488308    4.865427040   90.643497769
    0.462007846    5.139964339   60.768580786
    0.465527385    5.267518797    8.305525778
    0.469046923    5.187461492  -54.192788268
    0.472566462    4.891532177 -111.508774574
    0.476086000    4.427292784 -148.006852330
    0.479605538    3.886601580 -154.788027005
    0.483125077    3.371551902 -135.284483164
    0.486644615    2.955681204 -100.633145508
    0.490164154    2.671668370  -61.245231314
    0.493683692    2.521701819  -25.818042928
    0.497203231    2.476420847   -3.402496724
    0.500722769    2.469276307   -6.486973447
    0.504242308    2.397452354  -38.855599197
    0.507761846    2.177051643  -87.352490654
    0.511281385    1.801588209 -120.853247766
    0.514800923    1.377647319 -112.761624519
    0.518320462    1.061647091  -62.223359987
    0.521840000    0.960994531    4.007506799
    0.525359538    1.068068552   50.157306214
    0.528879077    1.271962386   58.817528379
    0.532398615    1.449905495   38.045273323
    0.535918154    1.538286431   13.345539670
    0.539437692    1.566537273    5.347284459
    0.542957231    1.603840354   16.981548471
    0.546476769    1.692265035   32.100555144
    0.549996308    1.810382620   31.274828641
    0.553515846    1.891575174   12.508675423
    0.557035385    1.901140850   -6.327677625
    0.560554923    1.878865069   -2.268994985
    0.564074462    1.919091734   28.189820661
    0.567594000    2.089409935   66.820137586
    0.571113538    2.372898590   89.226721158
    0.574633077    2.684412726   82.255838868
    0.578152615    2.928146548   53.345012102
    0.581672154    3.059417037   21.625317569
    0.585191692    3.099178950    2.280702787
    0.588711231    3.100428448    0.713882569
    0.592230769    3.116439062    8.120481629
    0.595750308    3.157133086   13.699438492
    0.599269846    3.201534490    8.542627354
    0.602789385    3.212469754   -3.781354854
    0.606308923    3.184828404   -9.831799037
    0.609828462    3.171593896    6.500529781
    0.613348000    3.272214300   55.981993767
    0.616867538    3.603065382  135.116953341
    0.620387077    4.244341158  228.995976178
    0.623906615    5.209384483  315.642478001
    0.627426154    6.435602664  374.279546339
    0.630945692    7.801059947  394.860322068
    0.634465231    9.171901354  378.265035294
    0.637984769   10.434921604  335.121312222
    0.641504308   11.516763952  277.589036210
    0.645023846   12.383029340  214.133539388
    0.648543385   13.030537850  154.599810066
    0.652062923   13.499097736  115.360438179
    0.655582462   13.889901781  113.099524496
    0.659102000   14.346229688  150.693507785
    0.662621538   14.981084011  210.828365700
    0.666141077   15.818570089  259.621430732
    0.669660615   16.766389955  271.242845984
    0.673180154   17.677849800  239.660445913
    0.676699692   18.423140195  180.952761584
    0.680219231   18.946821430  117.541052385
    0.683738769   19.265556109   65.832159095
    0.687258308   19.433249373   32.137795498
    0.690777846   19.510291762   13.730947215
    0.694297385   19.541370030    5.127331680
    0.697816923   19.552874415    1.469350097
    0.701336462   19.556973471   -0.000000000
    0.704856000   19.556973471   -0.000000000
    0.708375538   19.556973471   -0.000000000
    0.711895077   19.556973471   -0.000000000
    0.715414615   19.556973471   -0.000000000
    0.718934154   19.556973471   -0.000000000
    0.722453692   19.556973471   -0.000000000
    0.725973231   19.556973471   -0.000000000
    0.729492769   19.556973471   -0.000000000
    0.733012308   19.556973471   -0.000000000
    0.736531846   19.556973471   -0.000000000
    0.740051385   19.556973471   -0.000000000
    0.743570923   19.556973471   -0.000000000
    0.747090462   19.556973471   -0.000000000
    0.750610000   19.556973471   -0.000000000
