#! FIELDS dist file.free der_dist
#! SET min_dist 0.201562
#! SET max_dist 0.75061
#! SET nbins_dist  157
#! SET periodic_dist false
    0.201562000   48.020785264   -0.257571407
    0.205081538   48.017311279   -1.567323586
    0.208601077   48.005091073   -5.751196033
    0.212120615   47.966280992  -17.743485095
    0.215640154   47.857301047  -47.771111722
    0.219159692   47.586415161 -113.323623598
    0.222679231   46.988443926 -238.060668516
    0.226198769   45.811869571 -445.032067730
    0.229718308   43.747452121 -741.718597093
    0.233237846   40.509792204 -1104.732317107
    0.236757385   35.961297505 -1473.695462876
    0.240276923   30.228616023 -1762.807479350
    0.243796462   23.741962167 -1890.551600580
    0.247316000   17.163369597 -1812.255185052
    0.250835538   11.210550026 -1542.130481203
    0.254355077    6.450916155 -1149.570245500
    0.257874615    3.144496306 -733.308024113
    0.261394154    1.208438990 -382.978541376
    0.264913692    0.309639994 -148.094259553
    0.268433231    0.026148448  -29.979083317
    0.271952769    0.000000000    5.850962017
    0.275472308    0.027916727    9.005408090
    0.278991846    0.075892972   23.718598535
    0.282511385    0.236960507   73.918202413
    0.286030923    0.636182682  155.279976747
    0.289550462    1.335984883  238.376679908
    0.293070000    2.281290870  289.369960361
    0.296589538    3.324163781  293.484551767
    0.300109077    4.309679869  260.490283740
    0.303628615    5.150423793  216.557734764
    0.307148154    5.856351140  186.368369929
    0.310667692    6.504680733  185.586504329
    0.314187231    7.202723663  213.366919130
    0.317706769    8.024330333  250.449156480
    0.321226308    8.949724792  268.190830930
    0.324745846    9.864223163  240.651984054
    0.328265385   10.602537689  172.546287890
    0.331784923   11.072615135   94.982725481
    0.335304462   11.316402265   50.958869784
    0.338824000   11.500716178   60.856737345
    0.342343538   11.796659664  108.142716510
    0.345863077   12.260421344  148.922083532
    0.349382615   12.792894724  142.443188221
    0.352902154   13.202710456   81.379003473
    0.356421692   13.340757936   -4.412881340
    0.359941231   13.199042676  -70.688797301
    0.363460769   12.908734444  -86.838148186
    0.366980308   12.647711202  -56.716902027
    0.370499846   12.532431555   -9.235671645
    0.374019385   12.568049215   23.071607843
    0.377538923   12.666110173   26.864263441
    0.381058462   12.730519785    5.422053199
    0.384578000   12.701424557  -23.383175412
    0.388097538   12.578646241  -45.400876146
    0.391617077   12.395146842  -59.063955775
    0.395136615   12.167902844  -71.270633274
    0.398656154   11.888208730  -89.258870911
    0.402175692   11.539066015 -110.435202436
    0.405695231   11.120555319 -128.156970986
    0.409214769   10.652834979 -137.119671035
    0.412734308   10.166021712 -139.130905570
    0.416253846    9.684708403 -135.486134580
    0.419773385    9.227658449 -124.978465219
    0.423292923    8.816899430 -108.066136018
    0.426812462    8.469537375  -90.985671143
    0.430332000    8.179034660  -76.892298212
    0.433851538    7.929893389  -66.148285882
    0.437371077    7.711670322  -58.616578434
    0.440890615    7.513721744  -56.987492031
    0.444410154    7.303522319  -65.453830055
    0.447929692    7.043458205  -85.790736598
    0.451449231    6.703769984 -107.879258674
    0.454968769    6.302229103 -118.256022106
    0.458488308    5.897522506 -109.274613694
    0.462007846    5.552579062  -87.279612667
    0.465527385    5.291851333  -63.493638766
    0.469046923    5.101914488  -46.865634488
    0.472566462    4.956086162  -37.626690650
    0.476086000    4.834547216  -33.251769030
    0.479605538    4.721548970  -33.147528913
    0.483125077    4.600445099  -38.079559595
    0.486644615    4.459415873  -43.616282792
    0.490164154    4.310654077  -39.818782611
    0.493683692    4.199768401  -22.413851948
    0.497203231    4.166988890    2.046939338
    0.500722769    4.209135416   16.862829116
    0.504242308    4.266671074   11.485029886
    0.507761846    4.274633113   -9.852153271
    0.511281385    4.208002684  -26.336873985
    0.514800923    4.117821078  -23.147638241
    0.518320462    4.071548922   -4.124862342
    0.521840000    4.091816145   12.327540332
    0.525359538    4.137951925    8.733823293
    0.528879077    4.140444021  -10.017349949
    0.532398615    4.080590695  -23.344496765
    0.535918154    4.012616334  -11.539297662
    0.539437692    4.035106352   25.637449609
    0.542957231    4.206955994   68.545870469
    0.546476769    4.495179799   88.408861042
    0.549996308    4.783398082   67.221065505
    0.553515846    4.934113397   14.100047624
    0.557035385    4.889127684  -38.396255154
    0.560554923    4.713135668  -55.680876009
    0.564074462    4.556254085  -27.948548446
    0.567594000    4.550670735   24.634103804
    0.571113538    4.727130425   70.570824991
    0.574633077    5.017852438   87.248382026
    0.578152615    5.313587573   75.265908027
    0.581672154    5.538075366   50.032640508
    0.585191692    5.675121759   26.661381125
    0.588711231    5.747718865   15.650218390
    0.592230769    5.802790180   15.724487014
    0.595750308    5.873124745   24.675224281
    0.599269846    5.986321561   38.456978182
    0.602789385    6.157379126   58.218545734
    0.606308923    6.409784224   85.061836266
    0.609828462    6.767565493  117.005898734
    0.613348000    7.236379395  146.378745739
    0.616867538    7.785861893  160.920263933
    0.620387077    8.349510142  154.311605834
    0.623906615    8.861964428  133.962255604
    0.627426154    9.305356641  119.341376740
    0.630945692    9.739905647  132.602729311
    0.634465231   10.287077605  182.994944158
    0.637984769   11.068258602  261.980160883
    0.641504308   12.140622376  343.662125396
    0.645023846   13.460652428  399.347083194
    0.648543385   14.909087191  415.251923639
    0.652062923   16.358302471  403.627498488
    0.655582462   17.756692524  391.573502076
    0.659102000   19.149208117  402.472734434
    0.662621538   20.627915969  439.938601058
    0.666141077   22.259487700  484.643328993
    0.669660615   24.030049749  517.004103291
    0.673180154   25.883636759  532.489259039
    0.676699692   27.785714448  549.121346201
    0.680219231   29.781158874  588.346258853
    0.683738769   31.965169708  654.102451051
    0.687258308   34.396007842  723.350775777
    0.690777846   37.018910519  756.736170968
    0.694297385   39.651300883  726.478236529
    0.697816923   42.059952904  631.957879788
    0.701336462   44.058244403  497.625203465
    0.704856000   45.562642240  357.444582606
    0.708375538   46.599676025  235.431654479
    0.711895077   47.257217776  142.768657997
    0.715414615   47.642596831   79.218886082
    0.718934154   47.847957560   40.665142352
    0.722453692   47.949805155   18.645346449
    0.725973231   47.995269677    7.470760778
    0.729492769   48.013001902    2.624101550
    0.733012308   48.018778591    0.916388118
    0.736531846   48.020687831    0.279826125
    0.740051385   48.021420157   -0.000000000
    0.743570923   48.021420157   -0.000000000
    0.747090462   48.021420157   -0.000000000
    0.750610000   48.021420157   -0.000000000
