#! FIELDS dist file.free der_dist
#! SET min_dist 0.201562
#! SET max_dist 0.75061
#! SET nbins_dist  157
#! SET periodic_dist false
    0.201562000   55.462378172   -0.689126276
    0.205081538   55.455257707   -3.271483863
    0.208601077   55.431489983  -11.074747601
    0.212120615   55.360124227  -32.131325693
    0.215640154   55.169610558  -82.020266488
    0.219159692   54.718014356 -185.267277312
    0.222679231   53.766267754 -371.233794094
    0.226198769   51.979166132 -661.713772825
    0.229718308   48.989535395 -1050.130048278
    0.233237846   44.528128014 -1485.683525103
    0.236757385   38.581664751 -1876.304400420
    0.240276923   31.495984528 -2116.972579647
    0.243796462   23.943445822 -2133.853736260
    0.247316000   16.750416509 -1917.359991242
    0.250835538   10.649287400 -1527.928245706
    0.254355077    6.074173613 -1069.195611912
    0.257874615    3.076911957 -647.046300274
    0.261394154    1.389214124 -332.531733234
    0.264913692    0.583745749 -144.845737002
    0.268433231    0.246750090  -59.779077392
    0.271952769    0.094058788  -32.008284468
    0.275472308    0.006107104  -16.418848722
    0.278991846    0.000000000   18.026548959
    0.282511385    0.170268196   82.841582834
    0.286030923    0.611171232  167.538536117
    0.289550462    1.346634642  245.073475714
    0.293070000    2.301087364  287.640181689
    0.296589538    3.326615298  285.861143306
    0.300109077    4.280346428  250.186297698
    0.303628615    5.081242605  203.745268038
    0.307148154    5.732890510  167.241295114
    0.310667692    6.295714441  155.188914606
    0.314187231    6.863341440  169.502862160
    0.317706769    7.513008077  197.796990081
    0.321226308    8.255533047  219.310255712
    0.324745846    9.030088828  212.582227254
    0.328265385    9.728227634  179.089356478
    0.331784923   10.287539309  137.973897467
    0.335304462   10.729437365  116.843492665
    0.338824000   11.152451964  126.087406708
    0.342343538   11.643486430  150.594235870
    0.345863077   12.200194684  158.858389849
    0.349382615   12.718604599  126.522607624
    0.352902154   13.053404045   57.979870844
    0.356421692   13.125766355  -15.927208739
    0.359941231   12.982736908  -59.270297749
    0.363460769   12.772191055  -54.494738568
    0.366980308   12.645797784  -15.432495578
    0.370499846   12.669704465   25.742027498
    0.374019385   12.800042061   40.136374228
    0.377538923   12.918789436   21.101857802
    0.381058462   12.924226631  -21.921650881
    0.384578000   12.768616095  -67.009270439
    0.388097538   12.475065240  -97.549173894
    0.391617077   12.107489617 -109.968807762
    0.395136615   11.719734776 -110.122171261
    0.398656154   11.339425093 -106.731390425
    0.402175692   10.973308699 -102.926457836
    0.405695231   10.619656500 -100.670453006
    0.409214769   10.266762282 -101.945105798
    0.412734308    9.896179956 -110.715620560
    0.416253846    9.487312514 -124.089367723
    0.419773385    9.035837495 -133.269092361
    0.423292923    8.566457755 -132.312671930
    0.426812462    8.114520978 -125.642158732
    0.430332000    7.690675545 -117.723212048
    0.433851538    7.291114150 -110.612001224
    0.437371077    6.916127136 -102.577594599
    0.440890615    6.576065131  -92.516347793
    0.444410154    6.270844522  -82.670928767
    0.447929692    5.993723740  -77.921298009
    0.451449231    5.726257826  -75.836084390
    0.454968769    5.468644869  -70.511534230
    0.458488308    5.242368914  -57.810132962
    0.462007846    5.070463503  -41.848339902
    0.465527385    4.951661537  -28.911047486
    0.469046923    4.864886796  -22.862623484
    0.472566462    4.790561861  -20.417286503
    0.476086000    4.725315874  -17.918974689
    0.479605538    4.669713920  -15.718414184
    0.483125077    4.615228097  -18.391123914
    0.486644615    4.541344183  -26.723001096
    0.490164154    4.435139623  -34.497292015
    0.493683692    4.311248611  -36.358483892
    0.497203231    4.192271605  -32.779112250
    0.500722769    4.084127018  -32.153010556
    0.504242308    3.962879130  -39.104749004
    0.507761846    3.810000644  -49.142536057
    0.511281385    3.637172953  -46.906754940
    0.514800923    3.508698884  -25.065304517
    0.518320462    3.481868990    7.553445946
    0.521840000    3.558852723   31.680941813
    0.525359538    3.680347470   31.277637652
    0.528879077    3.762207048   11.475725308
    0.532398615    3.767144523   -9.628735575
    0.535918154    3.720570906  -14.882943861
    0.539437692    3.689801801   -2.228877276
    0.542957231    3.720904034   17.455043147
    0.546476769    3.807161390   27.538464602
    0.549996308    3.895616949   18.086888195
    0.553515846    3.923364615   -4.747502594
    0.557035385    3.876155479  -21.668615858
    0.560554923    3.808018733  -14.192363458
    0.564074462    3.811676641   18.082392870
    0.567594000    3.948876524   57.066686718
    0.571113538    4.202782158   81.484657635
    0.574633077    4.497343931   79.392751223
    0.578152615    4.744269188   56.543421486
    0.581672154    4.894340093   26.963833729
    0.585191692    4.946407548    1.335212172
    0.588711231    4.925340376  -12.539116439
    0.592230769    4.877733796  -14.256307994
    0.595750308    4.847892001   -1.375489122
    0.599269846    4.889674021   24.961079891
    0.602789385    5.045583894   63.453434303
    0.606308923    5.349381804  107.954415821
    0.609828462    5.807328307  148.919868520
    0.613348000    6.387305963  175.490207878
    0.616867538    7.021690415  179.073605971
    0.620387077    7.628458167  160.918187314
    0.623906615    8.152868331  135.152393053
    0.627426154    8.601665091  121.824806359
    0.630945692    9.050416586  137.325458805
    0.634465231    9.610700485  184.047011908
    0.637984769   10.377984499  251.870990990
    0.641504308   11.393114982  321.703071903
    0.645023846   12.628814430  375.400882562
    0.648543385   14.012803283  404.927316229
    0.652062923   15.469049083  419.012313679
    0.655582462   16.972596285  435.236622860
    0.659102000   18.560716692  468.240978653
    0.662621538   20.295653926  517.911639724
    0.666141077   22.209406221  565.040317638
    0.669660615   24.254349656  590.620808251
    0.673180154   26.342680616  590.566101062
    0.676699692   28.413289712  585.952752953
    0.680219231   30.501260753  604.763240697
    0.683738769   32.719577768  658.972917900
    0.687258308   35.170188068  732.227613670
    0.690777846   37.858590098  787.623173130
    0.694297385   40.662834110  794.926001026
    0.697816923   43.393062285  746.450173268
    0.701336462   45.874710746  656.252103987
    0.704856000   47.999726309  548.629970188
    0.708375538   49.744412425  443.163322058
    0.711895077   51.141625499  353.020251311
    0.715414615   52.256459116  281.954722297
    0.718934154   53.150670331  227.702142606
    0.722453692   53.871471806  181.673185586
    0.725973231   54.436750169  138.599811972
    0.729492769   54.853690973   97.742510344
    0.733012308   55.133899088   62.422915839
    0.736531846   55.303634444   35.288160890
    0.740051385   55.394688767   17.468105981
    0.743570923   55.437704943    7.484323751
    0.747090462   55.454965540    2.919567182
    0.750610000   55.461325080    0.993909830
