#! FIELDS dist file.free der_dist
#! SET min_dist 0.201562
#! SET max_dist 0.75061
#! SET nbins_dist  157
#! SET periodic_dist false
    0.201562000   59.731056180   -1.155000236
    0.205081538   59.720299400   -4.942111786
    0.208601077   59.685834601  -15.907040924
    0.212120615   59.586031662  -44.398764139
    0.215640154   59.328317491 -109.573365343
    0.219159692   58.735783552 -240.059002021
    0.222679231   57.522267697 -467.504222318
    0.226198769   55.305636348 -810.670797605
    0.229718308   51.696482035 -1251.803100888
    0.233237846   46.455958032 -1722.042815111
    0.236757385   39.667226418 -2111.457958865
    0.240276923   31.819735880 -2307.790542760
    0.243796462   23.724628112 -2247.651137267
    0.247316000   16.281708745 -1946.786372435
    0.250835538   10.198596820 -1493.522076452
    0.254355077    5.803671560 -1007.646669514
    0.257874615    3.018287159 -592.841903833
    0.261394154    1.478192314 -304.273553777
    0.264913692    0.723942684 -142.710464548
    0.268433231    0.364204983  -72.507032205
    0.271952769    0.159734269  -46.841899038
    0.275472308    0.027857748  -25.849125204
    0.278991846    0.000000000   14.684826042
    0.282511385    0.164604280   81.911875260
    0.286030923    0.600352548  164.489616042
    0.289550462    1.317509662  237.197622062
    0.293070000    2.235318727  274.772084573
    0.296589538    3.209506279  269.942732144
    0.300109077    4.106498840  234.295885716
    0.303628615    4.856361516  191.028849672
    0.307148154    5.472854022  160.189333726
    0.310667692    6.023688575  155.492746632
    0.314187231    6.606905516  177.923160826
    0.317706769    7.300060760  213.695066608
    0.321226308    8.108199679  239.914273032
    0.324745846    8.956814113  232.952004988
    0.328265385    9.717825603  193.395075067
    0.331784923   10.310395825  142.014611213
    0.335304462   10.747454111  110.131408812
    0.338824000   11.132785348  112.078161140
    0.342343538   11.569931698  134.868652272
    0.345863077   12.076683587  146.819373025
    0.349382615   12.565092133  121.684616293
    0.352902154   12.896923185   60.780003092
    0.356421692   12.989017342   -8.391841462
    0.359941231   12.873019787  -52.737682316
    0.363460769   12.674226663  -55.575245379
    0.366980308   12.523171325  -29.011531199
    0.370499846   12.475612941   -1.049344533
    0.374019385   12.494187179    4.459112505
    0.377538923   12.483725744  -15.253121872
    0.381058462   12.373497212  -50.151760604
    0.384578000   12.141814513  -81.769934616
    0.388097538   11.819548039 -100.053999609
    0.391617077   11.454313014 -107.991251672
    0.395136615   11.066302923 -114.015340478
    0.398656154   10.650513956 -123.769928792
    0.402175692   10.200551534 -132.983064852
    0.405695231    9.728761775 -136.113482013
    0.409214769    9.257651273 -132.024971867
    0.412734308    8.804185052 -126.905017000
    0.416253846    8.368414100 -123.301277647
    0.419773385    7.946734575 -118.103807712
    0.423292923    7.547684047 -108.846653213
    0.426812462    7.182790316 -101.054632637
    0.430332000    6.838207387  -98.300260175
    0.433851538    6.491573780 -100.586135196
    0.437371077    6.133596594 -102.911074187
    0.440890615    5.777248257 -100.964632522
    0.444410154    5.434289053  -95.207187122
    0.447929692    5.111194202  -91.388992144
    0.451449231    4.795799425  -90.039518990
    0.454968769    4.483965287  -87.787424453
    0.458488308    4.188456975  -80.200939274
    0.462007846    3.930034978  -68.242831920
    0.465527385    3.718767182  -54.057846037
    0.469046923    3.556691011  -39.440320793
    0.472566462    3.448357689  -22.808921266
    0.476086000    3.401691657   -5.573727903
    0.479605538    3.408192967    5.723487726
    0.483125077    3.431781711    2.695398708
    0.486644615    3.419095626  -14.257289182
    0.490164154    3.337217400  -33.038449786
    0.493683692    3.205913788  -40.857238452
    0.497203231    3.075082064  -33.453036804
    0.500722769    2.984943391  -20.366104477
    0.504242308    2.931760065  -12.743981881
    0.507761846    2.889835020  -14.254868875
    0.511281385    2.839021955  -14.637355746
    0.514800923    2.804368891   -5.461193174
    0.518320462    2.818212829   10.891652051
    0.521840000    2.883799750   22.845443363
    0.525359538    2.964997587   18.460218548
    0.528879077    3.006013077    1.795582883
    0.532398615    2.987749585  -13.105502934
    0.535918154    2.940171631  -12.336568826
    0.539437692    2.928339736    5.796454406
    0.542957231    2.998531127   31.633098935
    0.546476769    3.147671871   48.959782127
    0.549996308    3.323467738   45.588907342
    0.553515846    3.452237253   23.858451006
    0.557035385    3.496326923    0.081675993
    0.560554923    3.481518004   -6.740039767
    0.564074462    3.481143372    8.134464550
    0.567594000    3.556864754   32.924149003
    0.571113538    3.712828323   51.381363463
    0.574633077    3.905984663   53.367631812
    0.578152615    4.081046979   42.606062038
    0.581672154    4.209804601   28.756138215
    0.585191692    4.294175359   16.949496832
    0.588711231    4.342972709    9.931739670
    0.592230769    4.372261558    5.048112497
    0.595750308    4.390371965    4.946095160
    0.599269846    4.421322246   11.584224321
    0.602789385    4.492013888   28.408600970
    0.606308923    4.638369141   54.341958420
    0.609828462    4.886155152   84.618252555
    0.613348000    5.238033428  112.175555648
    0.616867538    5.671379764  130.161416281
    0.620387077    6.148924389  137.707462647
    0.623906615    6.645823201  142.700726649
    0.627426154    7.171755284  156.677389407
    0.630945692    7.776598972  188.821613859
    0.634465231    8.527718240  238.766655337
    0.637984769    9.476685311  298.842898907
    0.641504308   10.635043701  355.519668110
    0.645023846   11.965643707  395.630909299
    0.648543385   13.399487374  413.153279352
    0.652062923   14.865897173  416.486945763
    0.655582462   16.342627418  422.410144735
    0.659102000   17.869044915  446.092612480
    0.662621538   19.513133291  488.601401025
    0.666141077   21.314182988  530.147119889
    0.669660615   23.225946584  549.152199805
    0.673180154   25.152519703  539.333375328
    0.676699692   27.023049147  523.436889346
    0.680219231   28.876816489  535.412559881
    0.683738769   30.855633175  594.445185592
    0.687258308   33.112319668  689.338666209
    0.690777846   35.715449652  785.021593272
    0.694297385   38.608068048  850.185295072
    0.697816923   41.655377981  872.716654561
    0.701336462   44.712264011  855.776861365
    0.704856000   47.650340234  806.952869684
    0.708375538   50.364145290  729.049592272
    0.711895077   52.759011071  627.404357677
    0.715414615   54.769140549  511.664208002
    0.718934154   56.366343275  396.078138348
    0.722453692   57.571715397  289.887579906
    0.725973231   58.430628976  199.626997745
    0.729492769   59.004167900  127.932915900
    0.733012308   59.357733760   75.563427934
    0.736531846   59.557982631   40.226253988
    0.740051385   59.660075225   19.051910589
    0.743570923   59.706944851    7.746640828
    0.747090462   59.724912068    2.919567182
    0.750610000   59.731271608    0.993909830
