#! FIELDS dist file.free der_dist
#! SET min_dist 0.201562
#! SET max_dist 0.75061
#! SET nbins_dist  157
#! SET periodic_dist false
    0.201562000   50.028581171   -0.284895335
    0.205081538   50.024726126   -1.742897754
    0.208601077   50.011097940   -6.422539239
    0.212120615   49.967794939  -19.832168643
    0.215640154   49.846012604  -53.435028243
    0.219159692   49.543118438 -126.746137530
    0.222679231   48.874794832 -265.914330602
    0.226198769   47.562641039 -495.560647397
    0.229718308   45.270206870 -821.439602046
    0.233237846   41.699402513 -1213.424935760
    0.236757385   36.731877536 -1600.244674397
    0.240276923   30.552814750 -1885.751160616
    0.243796462   23.676479552 -1985.200879306
    0.247316000   16.841826108 -1861.371492865
    0.250835538   10.801326302 -1543.965694785
    0.254355077    6.099662549 -1118.072325106
    0.257874615    2.930675929 -690.468161709
    0.261394154    1.135379540 -348.407391210
    0.264913692    0.327388276 -131.737480673
    0.268433231    0.069182493  -31.109057806
    0.271952769    0.018445775   -5.562533333
    0.275472308    0.000000000   -4.765984758
    0.278991846    0.003214263   12.589800350
    0.282511385    0.132828478   67.090676288
    0.286030923    0.516442487  153.084945801
    0.289550462    1.217673423  241.441831991
    0.293070000    2.184238554  298.316486009
    0.296589538    3.268857570  307.919935750
    0.300109077    4.311095728  277.548411053
    0.303628615    5.209106209  231.032434622
    0.307148154    5.952540847  192.126304637
    0.310667692    6.599022609  178.311340074
    0.314187231    7.247536369  192.888628417
    0.317706769    7.981598667  222.506721637
    0.321226308    8.810808065  243.405122427
    0.324745846    9.660791242  230.388632282
    0.328265385   10.399821319  183.675765829
    0.331784923   10.945885781  125.973482288
    0.335304462   11.320613094   92.100563789
    0.338824000   11.647687526   98.457163018
    0.342343538   12.050675431  129.561323164
    0.345863077   12.549416657  146.602986626
    0.349382615   13.029212598  115.006909777
    0.352902154   13.303661793   32.970139025
    0.356421692   13.246296562  -65.432768081
    0.359941231   12.883504003 -133.454311619
    0.363460769   12.385262211 -140.669342652
    0.366980308   11.961600525  -94.788957248
    0.370499846   11.741931357  -31.085433669
    0.374019385   11.721929682   12.015586459
    0.377538923   11.788458595   18.727121019
    0.381058462   11.819885105   -6.019307975
    0.384578000   11.740681587  -40.503480313
    0.388097538   11.548168577  -67.665550261
    0.391617077   11.280000804  -84.609863983
    0.395136615   10.960377002  -97.898231602
    0.398656154   10.588613237 -114.495506876
    0.402175692   10.157122112 -131.582827503
    0.405695231    9.675062659 -143.033643385
    0.409214769    9.167032447 -145.455969174
    0.412734308    8.658841322 -143.822701543
    0.416253846    8.159645464 -142.069471445
    0.419773385    7.666981746 -139.630801664
    0.423292923    7.184156146 -134.779038922
    0.426812462    6.720952647 -130.000732625
    0.430332000    6.276771791 -124.387288367
    0.433851538    5.854901829 -115.758667792
    0.437371077    5.470187321 -102.278858359
    0.440890615    5.140991453  -86.775709590
    0.444410154    4.859925577  -75.380710490
    0.447929692    4.603463940  -73.968405218
    0.451449231    4.339675896  -77.711812372
    0.454968769    4.066277145  -77.145873172
    0.458488308    3.812383337  -66.241175171
    0.462007846    3.610803208  -49.943483359
    0.465527385    3.464432703  -36.412496313
    0.469046923    3.350774345  -30.518908227
    0.472566462    3.248401311  -28.600229034
    0.476086000    3.154338728  -25.767025525
    0.479605538    3.073038190  -22.242531494
    0.483125077    2.998427222  -23.116782140
    0.486644615    2.910846546  -29.600750863
    0.490164154    2.798340970  -34.784914816
    0.493683692    2.680467884  -32.121386346
    0.497203231    2.587459455  -21.884848317
    0.500722769    2.530021764  -14.289329648
    0.504242308    2.480020094  -17.080724212
    0.507761846    2.404637885  -27.892391232
    0.511281385    2.297994416  -31.090867065
    0.514800923    2.211381612  -17.164908564
    0.518320462    2.197560885    7.230105761
    0.521840000    2.260130973   24.137630536
    0.525359538    2.344833232   18.555654999
    0.528879077    2.377738760   -2.700219594
    0.532398615    2.338790146  -19.093604003
    0.535918154    2.276768435  -13.102526822
    0.539437692    2.277885715   14.384390306
    0.542957231    2.390700681   46.348515922
    0.546476769    2.588103806   60.135594680
    0.549996308    2.781016351   43.145997861
    0.553515846    2.869805692    4.081769426
    0.557035385    2.820605905  -31.263789381
    0.560554923    2.692820892  -37.029943743
    0.564074462    2.606580105   -8.250743468
    0.567594000    2.659479760   37.157023670
    0.571113538    2.864100346   74.072252697
    0.574633077    3.156096759   85.099339842
    0.578152615    3.440225724   71.041283411
    0.581672154    3.646862537   43.580519058
    0.585191692    3.751742162   14.008450547
    0.588711231    3.763049544   -6.870089043
    0.592230769    3.723205337  -14.910265546
    0.595750308    3.684220350   -5.105800333
    0.599269846    3.712531722   21.700872463
    0.602789385    3.860230346   62.204032387
    0.606308923    4.161297802  107.374872795
    0.609828462    4.613701073  145.805768704
    0.613348000    5.173661041  167.039122729
    0.616867538    5.766687088  164.071346655
    0.620387077    6.309930395  140.255252980
    0.623906615    6.754324357  110.920914615
    0.627426154    7.115873294   97.219883347
    0.630945692    7.483514895  117.004598690
    0.634465231    7.987510838  173.395160261
    0.637984769    8.740482904  254.832022159
    0.641504308    9.788793962  336.971797378
    0.645023846   11.088821771  394.944235630
    0.648543385   12.531067634  416.573579437
    0.652062923   13.998607271  412.717204480
    0.655582462   15.443754518  409.054672206
    0.659102000   16.914957359  430.188182251
    0.662621538   18.516308628  482.721154546
    0.666141077   20.332404636  546.893049764
    0.669660615   22.355376902  596.930536876
    0.673180154   24.507166897  619.360879472
    0.676699692   26.705299136  627.864004855
    0.680219231   28.946500214  648.173622574
    0.683738769   31.306227612  694.940672467
    0.687258308   33.862437788  755.876079226
    0.690777846   36.608400232  796.488533717
    0.694297385   39.413463038  786.179902842
    0.697816923   42.075848564  716.169576903
    0.701336462   44.407559670  601.019246668
    0.704856000   46.291891471  467.251895960
    0.708375538   47.705007818  336.638697781
    0.711895077   48.686655414  224.127401077
    0.715414615   49.316089243  136.403529477
    0.718934154   49.682527628   75.784639144
    0.722453692   49.877576137   37.468300948
    0.725973231   49.970105583   16.337254254
    0.729492769   50.009165697    6.123992363
    0.733012308   50.022803950    2.199052288
    0.736531846   50.027437651    0.690537796
    0.740051385   50.029281220   -0.000000000
    0.743570923   50.029281220   -0.000000000
    0.747090462   50.029281220   -0.000000000
    0.750610000   50.029281220   -0.000000000
