#! FIELDS dist file.free der_dist
#! SET min_dist 0.201562
#! SET max_dist 0.75061
#! SET nbins_dist  157
#! SET periodic_dist false
    0.201562000   54.683699763   -0.635542558
    0.205081538   54.677046689   -3.054110640
    0.208601077   54.654752836  -10.395333770
    0.212120615   54.587524092  -30.305409159
    0.215640154   54.407316256  -77.707872485
    0.219159692   53.978322874 -176.321857501
    0.222679231   53.070164775 -354.962328900
    0.226198769   51.356755856 -635.850251415
    0.229718308   48.475889631 -1014.403064465
    0.233237846   44.153574666 -1443.209950263
    0.236757385   38.359305113 -1833.598271542
    0.240276923   31.412672178 -2081.941319970
    0.243796462   23.960563402 -2112.500826037
    0.247316000   16.815704863 -1911.143411486
    0.250835538   10.714307307 -1533.409792186
    0.254355077    6.108355328 -1080.123823583
    0.257874615    3.072294324 -657.293542946
    0.261394154    1.355916264 -338.198363764
    0.264913692    0.540427746 -144.949055917
    0.268433231    0.210949895  -55.814980882
    0.271952769    0.075123119  -26.955360255
    0.275472308    0.002166950  -13.411591031
    0.278991846    0.000000000   17.262605810
    0.282511385    0.161345942   78.853801730
    0.286030923    0.586450547  163.203251697
    0.289550462    1.311005616  243.705707054
    0.293070000    2.268816404  291.004075850
    0.296589538    3.313458060  293.006636826
    0.300109077    4.294724568  258.171333746
    0.303628615    5.120534031  209.521010056
    0.307148154    5.786118571  169.325124999
    0.310667692    6.350077063  153.945246893
    0.314187231    6.909416308  166.294302225
    0.317706769    7.546269173  193.934332099
    0.321226308    8.275202408  215.559099924
    0.324745846    9.037350366  209.416674770
    0.328265385    9.726335359  177.234356638
    0.331784923   10.283231508  138.715441177
    0.335304462   10.734303859  121.490992130
    0.338824000   11.181213050  134.925130620
    0.342343538   11.708593640  162.056469487
    0.345863077   12.305530556  169.670228972
    0.349382615   12.855337850  132.995768056
    0.352902154   13.201185504   57.565012515
    0.356421692   13.258795894  -23.762364661
    0.359941231   13.077039383  -73.050755187
    0.363460769   12.811369365  -71.545631776
    0.366980308   12.623256660  -33.001008940
    0.370499846   12.587482353    9.705819275
    0.374019385   12.666069867   27.002496155
    0.377538923   12.745366115   12.048591279
    0.381058462   12.728117038  -25.520892851
    0.384578000   12.570958920  -64.176726778
    0.388097538   12.298023131  -88.960009709
    0.391617077   11.966543541  -98.689439473
    0.395136615   11.616314441 -100.832026100
    0.398656154   11.258954237 -103.403464091
    0.402175692   10.891786732 -106.723519353
    0.405695231   10.514781392 -109.583712952
    0.409214769   10.126499839 -112.537290079
    0.412734308    9.719729900 -120.410270556
    0.416253846    9.279605584 -132.159500987
    0.419773385    8.801887136 -140.161793888
    0.423292923    8.310058278 -138.086321335
    0.426812462    7.841339178 -129.123230757
    0.430332000    7.411818333 -117.224004107
    0.433851538    7.022265953 -105.475752572
    0.437371077    6.671595178  -94.253675144
    0.440890615    6.361632450  -84.275812023
    0.444410154    6.080120330  -77.870604097
    0.447929692    5.811188496  -78.093260704
    0.451449231    5.535581636  -79.911674260
    0.454968769    5.260936214  -75.550247901
    0.458488308    5.019756333  -60.824903618
    0.462007846    4.843125409  -41.416041438
    0.465527385    4.730980123  -25.853757951
    0.469046923    4.656316446  -19.464840447
    0.472566462    4.590762893  -19.192451260
    0.476086000    4.523597255  -20.363274867
    0.479605538    4.452663494  -21.868686316
    0.483125077    4.371500755  -27.090806138
    0.486644615    4.264983724  -36.184351731
    0.490164154    4.126847306  -42.868834810
    0.493683692    3.977945982  -41.930764460
    0.497203231    3.846277528  -34.219890480
    0.500722769    3.741727400  -28.560220843
    0.504242308    3.642608691  -30.083922100
    0.507761846    3.530580740  -35.070799724
    0.511281385    3.414325979  -29.143814331
    0.514800923    3.351332009   -6.065062061
    0.518320462    3.388837250   24.568605192
    0.521840000    3.517680778   43.743602688
    0.525359538    3.670095347   36.659603423
    0.528879077    3.759022436   10.314129863
    0.532398615    3.750789601  -15.535294340
    0.535918154    3.679067551  -22.758570022
    0.539437692    3.621317508   -9.253876746
    0.542957231    3.632373138   13.329507438
    0.546476769    3.710263821   26.870576301
    0.549996308    3.800939216   19.723473274
    0.553515846    3.835119924   -3.150818370
    0.557035385    3.790004618  -22.365055730
    0.560554923    3.713621675  -18.155688474
    0.564074462    3.698229176   11.457543611
    0.567594000    3.809625548   49.351585100
    0.571113538    4.036487778   74.007241268
    0.574633077    4.305985181   72.671685492
    0.578152615    4.530327871   50.413023746
    0.581672154    4.659695976   21.381025039
    0.585191692    4.693717350   -3.182038166
    0.588711231    4.659944700  -15.079806291
    0.592230769    4.607735874  -14.271853223
    0.595750308    4.581646745    0.649476123
    0.599269846    4.632009855   27.547753759
    0.602789385    4.795333344   64.832449893
    0.606308923    5.099825207  106.836803145
    0.609828462    5.548618274  144.846697040
    0.613348000    6.109291397  168.669805978
    0.616867538    6.715539328  170.055081538
    0.620387077    7.287954240  150.637064001
    0.623906615    7.776232743  125.273537474
    0.627426154    8.194313760  114.685073465
    0.630945692    8.626348562  135.336507064
    0.634465231    9.190792490  188.488260568
    0.637984769    9.984290502  262.037116755
    0.641504308   11.041522874  334.900342599
    0.645023846   12.323347678  387.760631612
    0.648543385   13.743529581  412.606281825
    0.652062923   15.214097860  419.119044688
    0.655582462   16.702569318  426.519358244
    0.659102000   18.245034863  451.278173633
    0.662621538   19.909339137  495.234903663
    0.666141077   21.738581648  540.409990403
    0.669660615   23.699844845  568.451985881
    0.673180154   25.720677015  575.042756267
    0.676699692   27.753772651  580.721013935
    0.680219231   29.846029506  612.875796768
    0.683738769   32.119443717  682.338053309
    0.687258308   34.678351341  769.943391960
    0.690777846   37.517051558  833.879626400
    0.694297385   40.483437860  838.701226765
    0.697816923   43.343642606  774.439582104
    0.701336462   45.880819804  658.865734376
    0.704856000   47.967412682  524.863634007
    0.708375538   49.592888117  401.114465991
    0.711895077   50.828514617  305.412194430
    0.715414615   51.783103907  239.977212046
    0.718934154   52.548866274  197.146415582
    0.722453692   53.183281507  162.839665189
    0.725973231   53.698926189  128.638082948
    0.729492769   54.091255897   93.184928321
    0.733012308   54.360865932   60.610196165
    0.736531846   54.526621491   34.659208072
    0.740051385   54.616368804   17.277270544
    0.743570923   54.658887741    7.484323751
    0.747090462   54.676148338    2.919567182
    0.750610000   54.682507878    0.993909830
