#! FIELDS dist file.free der_dist
#! SET min_dist 0.201562
#! SET max_dist 0.75061
#! SET nbins_dist  157
#! SET periodic_dist false
    0.201562000   53.411007905   -0.635542558
    0.205081538   53.404400645   -3.035392347
    0.208601077   53.382284890  -10.310753763
    0.212120615   53.315662284  -30.018545353
    0.215640154   53.137286941  -76.876531791
    0.219159692   52.713221225 -174.200193289
    0.222679231   51.816690062 -350.213452247
    0.226198769   50.127445966 -626.509552902
    0.229718308   47.290897770 -998.215603806
    0.233237846   43.040336690 -1418.450206486
    0.236757385   37.348898985 -1800.056441824
    0.240276923   30.533471699 -2041.397379132
    0.243796462   23.231616794 -2068.301988602
    0.247316000   16.243244127 -1867.016304360
    0.250835538   10.292443933 -1492.400317636
    0.254355077    5.822150699 -1044.349027668
    0.257874615    2.900484110 -628.303568855
    0.261394154    1.272411070 -317.177950041
    0.264913692    0.516098281 -132.333536191
    0.268433231    0.217367936  -50.700149902
    0.271952769    0.089533831  -27.077823038
    0.275472308    0.011236939  -15.877014769
    0.278991846    0.000000000   14.899241326
    0.282511385    0.155538338   78.067894495
    0.286030923    0.581663384  164.701989537
    0.289550462    1.316077256  247.922399581
    0.293070000    2.294224904  298.457653404
    0.296589538    3.371102415  303.826711309
    0.300109077    4.395052130  271.390332871
    0.303628615    5.267895653  222.533857338
    0.307148154    5.973361308  178.361647562
    0.310667692    6.556760781  155.517928188
    0.314187231    7.105624698  158.786995371
    0.317706769    7.701131023  178.363557856
    0.321226308    8.365601823  195.228801221
    0.324745846    9.053693906  188.381939316
    0.328265385    9.672687709  159.020706920
    0.331784923   10.174003759  125.702769715
    0.335304462   10.590117331  114.745488559
    0.338824000   11.023959474  134.113280916
    0.342343538   11.556097270  165.099872304
    0.345863077   12.165426180  173.066322216
    0.349382615   12.721960136  132.967012297
    0.352902154   13.057885200   51.812201825
    0.356421692   13.085358012  -34.656732181
    0.359941231   12.860391896  -85.997452521
    0.363460769   12.552061999  -82.038442950
    0.366980308   12.336930755  -37.351575878
    0.370499846   12.299017430   12.873995896
    0.374019385   12.400120397   36.212149954
    0.377538923   12.517381852   23.776130844
    0.381058462   12.540110931  -15.106317126
    0.384578000   12.413145545  -57.686618689
    0.388097538   12.154195280  -87.536056235
    0.391617077   11.818173068 -102.678295608
    0.395136615   11.443935156 -110.441548419
    0.398656154   11.042866311 -118.448858435
    0.402175692   10.615209122 -125.620758931
    0.405695231   10.169754823 -128.859920493
    0.409214769    9.719261059 -127.908455067
    0.412734308    9.270060177 -128.842478500
    0.416253846    8.813310964 -133.300941469
    0.419773385    8.341236839 -136.302383360
    0.423292923    7.867201383 -132.227633867
    0.426812462    7.419825244 -122.886289184
    0.430332000    7.013634592 -109.864255104
    0.433851538    6.655144839  -94.751351111
    0.437371077    6.350633186  -78.563162669
    0.440890615    6.103840042  -64.358340814
    0.444410154    5.895585673  -56.750968191
    0.447929692    5.697477589  -59.525196778
    0.451449231    5.478646109  -66.489572529
    0.454968769    5.240887575  -67.968582413
    0.458488308    5.016817533  -58.527710610
    0.462007846    4.839942308  -43.738815946
    0.465527385    4.711836589  -32.554738416
    0.469046923    4.605946006  -30.393644860
    0.472566462    4.495321642  -33.680070321
    0.476086000    4.373193205  -36.730555877
    0.479605538    4.244817096  -37.672878605
    0.483125077    4.113015353  -39.607195429
    0.486644615    3.971678176  -43.080593979
    0.490164154    3.821091988  -42.887411526
    0.493683692    3.683857420  -35.444165748
    0.497203231    3.583495968  -23.388947200
    0.500722769    3.519519100  -16.962374977
    0.504242308    3.456658723  -21.642871400
    0.507761846    3.364258535  -32.615827614
    0.511281385    3.244591945  -33.478673721
    0.514800923    3.155949080  -15.929576699
    0.518320462    3.152188371   11.441071609
    0.521840000    3.232736981   29.874123633
    0.525359538    3.338754813   24.646886128
    0.528879077    3.392831303    3.049335400
    0.532398615    3.371785396  -15.084815906
    0.535918154    3.318081488  -12.836242709
    0.539437692    3.311074451    9.294399939
    0.542957231    3.397111510   36.541799223
    0.546476769    3.556515709   49.066630230
    0.549996308    3.715868862   35.973516684
    0.553515846    3.793300337    5.205934201
    0.557035385    3.765556273  -20.328775934
    0.560554923    3.690577011  -18.719173540
    0.564074462    3.673749243   11.678180174
    0.567594000    3.789261008   51.458953022
    0.571113538    4.025115055   76.676147414
    0.574633077    4.301372596   73.428618560
    0.578152615    4.522200619   47.509078161
    0.581672154    4.634683452   14.877769402
    0.585191692    4.641821753  -11.538072875
    0.588711231    4.578924094  -22.816223098
    0.592230769    4.503778689  -19.222572995
    0.595750308    4.466956699   -0.332733689
    0.599269846    4.520723364   30.334238930
    0.602789385    4.698133030   69.697133676
    0.606308923    5.019037319  110.784020265
    0.609828462    5.475151921  144.554142370
    0.613348000    6.023561943  161.824682344
    0.616867538    6.593044490  156.126640889
    0.620387077    7.105705824  131.005745192
    0.623906615    7.517921963  102.099501497
    0.627426154    7.851452579   90.175672191
    0.630945692    8.197763393  111.580239003
    0.634465231    8.683025006  167.700226152
    0.637984769    9.412267148  246.709579087
    0.641504308   10.428056791  326.911101673
    0.645023846   11.695100826  387.245930666
    0.648543385   13.124128507  417.723666448
    0.652062923   14.618126198  426.884601334
    0.655582462   16.134902496  434.711159162
    0.659102000   17.706371201  459.793660328
    0.662621538   19.404263262  506.276484425
    0.666141077   21.280755303  556.588107185
    0.669660615   23.309111178  590.207261020
    0.673180154   25.411709789  598.894882512
    0.676699692   27.523135611  600.259850150
    0.680219231   29.667973195  622.656783027
    0.683738769   31.957198829  682.058599759
    0.687258308   34.505280535  765.397048803
    0.690777846   37.332197066  832.848493915
    0.694297385   40.306711778  844.218238438
    0.697816923   43.190644596  780.765359496
    0.701336462   45.734456383  654.263544686
    0.704856000   47.769858073  499.366491695
    0.708375538   49.265569525  353.635999496
    0.711895077   50.307186356  244.709065056
    0.715414615   51.044381900  179.340445773
    0.718934154   51.613426764  147.438111328
    0.722453692   52.099427959  128.492684829
    0.725973231   52.519862724  108.338892796
    0.729492769   52.859562785   82.867018755
    0.733012308   53.104066848   56.051204491
    0.736531846   53.259372555   32.906288967
    0.740051385   53.345323848   16.688914453
    0.743570923   53.386195883    7.484323751
    0.747090462   53.403456480    2.919567182
    0.750610000   53.409816020    0.993909830
