#! FIELDS dist file.free der_dist
#! SET min_dist 0.201562
#! SET max_dist 0.75061
#! SET nbins_dist  157
#! SET periodic_dist false
    0.201562000   48.758786954   -0.271967955
    0.205081538   48.755164552   -1.638447106
    0.208601077   48.742421070   -6.002812247
    0.212120615   48.701924848  -18.519115888
    0.215640154   48.588233055  -49.840660979
    0.219159692   48.305760194 -118.152803819
    0.222679231   47.682647668 -247.964894943
    0.226198769   46.458096773 -462.862153862
    0.229718308   44.313305907 -769.826256690
    0.233237846   40.957788584 -1143.372100217
    0.236757385   36.258877623 -1519.649332997
    0.240276923   30.361174157 -1809.260328882
    0.243796462   23.722702834 -1928.938640377
    0.247316000   17.034224540 -1835.406962396
    0.250835538   11.031571871 -1547.306462987
    0.254355077    6.281817051 -1139.700041823
    0.257874615    3.026238373 -715.709432309
    0.261394154    1.153061328 -366.163017766
    0.264913692    0.302325269 -138.309124727
    0.268433231    0.037306286  -29.215139657
    0.271952769    0.000499202   -0.384383322
    0.275472308    0.000000000   -0.172802163
    0.278991846    0.016348675   15.463902546
    0.282511385    0.153787148   68.889825786
    0.286030923    0.542384633  154.260391514
    0.289550462    1.245324327  241.056490342
    0.293070000    2.205421081  294.785672676
    0.296589538    3.270205789  300.172348853
    0.300109077    4.278436370  266.283932544
    0.303628615    5.134305523  218.929252420
    0.307148154    5.839233116  183.096586855
    0.310667692    6.464449015  175.700018032
    0.314187231    7.117272019  197.907551265
    0.317706769    7.879656085  233.002954412
    0.321226308    8.748500431  254.541866621
    0.324745846    9.631109647  237.131283558
    0.328265385   10.382063838  183.676345485
    0.331784923   10.918609811  121.321016068
    0.335304462   11.276712339   88.552564962
    0.338824000   11.602989609  102.553057765
    0.342343538   12.040902175  145.747983926
    0.345863077   12.618999383  175.238031201
    0.349382615   13.216809607  152.692349130
    0.352902154   13.631813833   74.146960627
    0.356421692   13.716727637  -26.684992209
    0.359941231   13.478592564 -102.011227101
    0.363460769   13.073640342 -119.332545494
    0.366980308   12.707200228  -83.191019670
    0.370499846   12.516307653  -25.433755492
    0.374019385   12.514457219   17.774489908
    0.377538923   12.610396416   30.476092218
    0.381058462   12.699202855   15.207472846
    0.384578000   12.712064557   -9.647202674
    0.388097538   12.642000125  -29.443633634
    0.391617077   12.516185178  -42.525881365
    0.395136615   12.345644134  -55.858152859
    0.398656154   12.116099198  -76.342839051
    0.402175692   11.806989691 -100.609844814
    0.405695231   11.417965231 -121.229356539
    0.409214769   10.970532773 -132.436572249
    0.412734308   10.497089731 -136.203029773
    0.416253846   10.023257052 -134.204395042
    0.419773385    9.567431594 -125.737649816
    0.423292923    9.149500016 -111.529554996
    0.426812462    8.783886669  -98.090992939
    0.430332000    8.460997331  -88.295617268
    0.433851538    8.164114272  -81.792720592
    0.437371077    7.885074537  -77.198358613
    0.440890615    7.620333086  -75.851989285
    0.444410154    7.348505349  -81.009380811
    0.447929692    7.044562948  -94.697464791
    0.451449231    6.688268332 -108.288455088
    0.454968769    6.300165172 -110.432654627
    0.458488308    5.934712552  -95.198930998
    0.462007846    5.646545146  -69.544170979
    0.465527385    5.451255588  -44.388229578
    0.469046923    5.328128023  -28.372493309
    0.472566462    5.243492659  -21.680339557
    0.476086000    5.170622898  -21.860745650
    0.479605538    5.087612835  -27.638352951
    0.483125077    4.975435790  -38.397613123
    0.486644615    4.824965180  -48.385627071
    0.490164154    4.654305292  -47.330549111
    0.493683692    4.513789339  -31.709618130
    0.497203231    4.444791712   -9.404847794
    0.500722769    4.441660593    2.474492354
    0.504242308    4.443398884   -5.684093400
    0.507761846    4.388819404  -27.795942218
    0.511281385    4.262570134  -41.685601762
    0.514800923    4.127544240  -32.899145439
    0.518320462    4.058698877   -7.223654160
    0.521840000    4.078257362   14.648661447
    0.525359538    4.138531167   14.010334510
    0.528879077    4.161160735   -4.261947370
    0.532398615    4.119568616  -19.011059261
    0.535918154    4.061856845  -10.295123683
    0.539437692    4.081296405   22.499194908
    0.542957231    4.234073744   61.009607189
    0.546476769    4.490715711   78.464747670
    0.549996308    4.744829998   58.367273288
    0.553515846    4.870668664    9.029406582
    0.557035385    4.814730337  -39.960902335
    0.560554923    4.634864482  -57.060739220
    0.564074462    4.467562231  -32.958119805
    0.567594000    4.436031036   15.113508950
    0.571113538    4.575865392   60.163669991
    0.574633077    4.837484160   82.112510304
    0.578152615    5.131528641   79.751179022
    0.581672154    5.388161472   63.117112514
    0.585191692    5.577385150   41.835192011
    0.588711231    5.694774449   24.698753943
    0.592230769    5.763042931   13.834575282
    0.595750308    5.809242421   13.639888186
    0.599269846    5.877937857   25.648847242
    0.602789385    6.013913565   52.394794099
    0.606308923    6.266777265   91.629453077
    0.609828462    6.670133028  135.807864549
    0.613348000    7.220073292  172.604990834
    0.616867538    7.865219242  187.871604676
    0.620387077    8.515938356  175.836776222
    0.623906615    9.087629244  145.402170011
    0.627426154    9.548304890  117.242464208
    0.630945692    9.948371679  115.010819049
    0.634465231   10.407263169  150.896596321
    0.637984769   11.057185858  220.772456587
    0.641504308   11.982084725  302.819791712
    0.645023846   13.174904918  369.422052065
    0.648543385   14.548525458  403.266337770
    0.652062923   15.988611024  409.841393562
    0.655582462   17.432965913  410.185525412
    0.659102000   18.901415610  425.872239150
    0.662621538   20.463459569  463.508039824
    0.666141077   22.178190311  508.719380570
    0.669660615   24.038969047  544.745957071
    0.673180154   26.000151934  565.949694407
    0.676699692   28.028341718  586.745354383
    0.680219231   30.156999721  625.496824508
    0.683738769   32.463447897  685.787597297
    0.687258308   34.991622758  746.625595784
    0.690777846   37.681376280  771.535823719
    0.694297385   40.353615606  734.659926348
    0.697816923   42.782959826  635.910076160
    0.701336462   44.790751028  499.260515263
    0.704856000   46.298841202  358.051591968
    0.708375538   47.337171858  235.628892819
    0.711895077   47.995253809  142.768657997
    0.715414615   48.380632863   79.218886082
    0.718934154   48.585993593   40.665142352
    0.722453692   48.687841188   18.645346449
    0.725973231   48.733305710    7.470760778
    0.729492769   48.751037934    2.624101550
    0.733012308   48.756814624    0.916388118
    0.736531846   48.758723864    0.279826125
    0.740051385   48.759456189   -0.000000000
    0.743570923   48.759456189   -0.000000000
    0.747090462   48.759456189   -0.000000000
    0.750610000   48.759456189   -0.000000000
