#! FIELDS dist file.free der_dist
#! SET min_dist 0.201562
#! SET max_dist 0.75061
#! SET nbins_dist  157
#! SET periodic_dist false
    0.201562000   48.501967662   -0.257571407
    0.205081538   48.498452073   -1.584242267
    0.208601077   48.486080017   -5.824016374
    0.212120615   48.446715711  -18.003369628
    0.215640154   48.336069775  -48.531248029
    0.219159692   48.060690933 -115.273034699
    0.222679231   47.451997824 -242.467833796
    0.226198769   46.252863017 -453.801287806
    0.229718308   44.146675401 -757.031727300
    0.233237846   40.841151369 -1128.106565471
    0.236757385   36.196477597 -1504.643207624
    0.240276923   30.346253796 -1797.802581823
    0.243796462   23.738201854 -1923.351164609
    0.247316000   17.058381252 -1835.916091331
    0.250835538   11.045765194 -1552.013223520
    0.254355077    6.276414558 -1145.619121090
    0.257874615    3.002035234 -720.094631734
    0.261394154    1.118708221 -367.389396149
    0.264913692    0.269795408 -136.106993604
    0.268433231    0.017473159  -24.419177191
    0.271952769    0.000000000    5.534380446
    0.275472308    0.020031931    5.329617561
    0.278991846    0.053255467   19.412878393
    0.282511385    0.201025561   70.909723150
    0.286030923    0.593602864  154.626531050
    0.289550462    1.296366573  240.788830801
    0.293070000    2.256372331  295.238858361
    0.296589538    3.325995114  302.682610569
    0.300109077    4.347900705  271.598637708
    0.303628615    5.227186511  226.771404263
    0.307148154    5.962154787  192.015393371
    0.310667692    6.617506649  183.541939648
    0.314187231    7.293057900  202.723627464
    0.317706769    8.065315297  233.717291495
    0.321226308    8.929089222  250.992401557
    0.324745846    9.792165105  229.658773678
    0.328265385   10.510508382  172.692885619
    0.331784923   11.003076376  107.460093970
    0.335304462   11.308988602   73.064862004
    0.338824000   11.580966776   87.660747113
    0.342343538   11.971957132  134.536934369
    0.345863077   12.521937902  170.973660453
    0.349382615   13.120552111  157.668377483
    0.352902154   13.569774934   88.386253689
    0.356421692   13.717036796   -6.244793433
    0.359941231   13.553410982  -81.213712839
    0.363460769   13.212188894 -104.955280477
    0.366980308   12.877352821  -80.119363599
    0.370499846   12.675583376  -34.361543754
    0.374019385   12.626106407    0.545682214
    0.377538923   12.655788792   11.168476744
    0.381058462   12.681672477   -0.476845025
    0.384578000   12.650588759  -18.718866261
    0.388097538   12.560303694  -32.125328351
    0.391617077   12.433030090  -41.145594001
    0.395136615   12.270399235  -53.154727855
    0.398656154   12.049744425  -74.211158688
    0.402175692   11.745939099  -99.774366454
    0.405695231   11.357434431 -121.651080661
    0.409214769   10.906341109 -134.049234173
    0.412734308   10.425072924 -139.018660110
    0.416253846    9.939248851 -138.154382309
    0.419773385    9.468320721 -130.212341178
    0.423292923    9.035427199 -115.325723279
    0.426812462    8.659598603  -99.922675542
    0.430332000    8.334691021  -87.619321321
    0.433851538    8.043726115  -79.305255296
    0.437371077    7.774181915  -74.612243350
    0.440890615    7.515949809  -74.959547103
    0.444410154    7.242522933  -82.893341527
    0.447929692    6.926979272  -99.318830760
    0.451449231    6.550781474 -114.792764907
    0.454968769    6.138184059 -117.637822603
    0.458488308    5.747790596 -102.001921444
    0.462007846    5.437668717  -75.089829852
    0.465527385    5.225893675  -48.145137490
    0.469046923    5.093104312  -30.084688754
    0.472566462    5.006097882  -21.330411131
    0.476086000    4.937829712  -19.648500098
    0.479605538    4.865233169  -24.008447296
    0.483125077    4.767225070  -34.114418905
    0.486644615    4.631551511  -44.432923761
    0.490164154    4.472741094  -44.700455019
    0.493683692    4.338041854  -31.100134062
    0.497203231    4.267278456  -10.994384008
    0.500722769    4.255222867   -0.894968728
    0.504242308    4.243155744  -10.002512841
    0.507761846    4.173084082  -32.136641225
    0.511281385    4.032612644  -45.338180745
    0.514800923    3.886481229  -35.535907520
    0.518320462    3.810139592   -8.874370052
    0.521840000    3.825290841   13.747710818
    0.525359538    3.883299064   13.580412931
    0.528879077    3.904884025   -4.432263720
    0.532398615    3.862906840  -19.074451047
    0.535918154    3.805059581  -10.315732686
    0.539437692    3.824442771   22.499194908
    0.542957231    3.977220110   61.009607189
    0.546476769    4.233862077   78.464747670
    0.549996308    4.487976364   58.367273288
    0.553515846    4.613815030    9.029406582
    0.557035385    4.557876703  -39.960902335
    0.560554923    4.378010848  -57.060739220
    0.564074462    4.210708597  -32.958119805
    0.567594000    4.179177402   15.113508950
    0.571113538    4.319011758   60.163669991
    0.574633077    4.580630526   82.112510304
    0.578152615    4.874675007   79.751179022
    0.581672154    5.131307838   63.117112514
    0.585191692    5.320531516   41.835192011
    0.588711231    5.437920815   24.698753943
    0.592230769    5.506189297   13.834575282
    0.595750308    5.552388787   13.639888186
    0.599269846    5.621084223   25.648847242
    0.602789385    5.757059931   52.394794099
    0.606308923    6.009923631   91.629453077
    0.609828462    6.413279394  135.807864549
    0.613348000    6.963219658  172.604990834
    0.616867538    7.608365608  187.871604676
    0.620387077    8.259084722  175.836776222
    0.623906615    8.830775610  145.402170011
    0.627426154    9.291451256  117.242464208
    0.630945692    9.691518045  115.010819049
    0.634465231   10.150409535  150.896596321
    0.637984769   10.800332224  220.772456587
    0.641504308   11.725231091  302.819791712
    0.645023846   12.918051284  369.422052065
    0.648543385   14.291671824  403.266337770
    0.652062923   15.731757390  409.841393562
    0.655582462   17.176112279  410.185525412
    0.659102000   18.644561976  425.872239150
    0.662621538   20.206605935  463.508039824
    0.666141077   21.921336677  508.719380570
    0.669660615   23.782115413  544.745957071
    0.673180154   25.743298300  565.949694407
    0.676699692   27.771488084  586.745354383
    0.680219231   29.900146087  625.496824508
    0.683738769   32.206594263  685.787597297
    0.687258308   34.734769124  746.625595784
    0.690777846   37.424522646  771.535823719
    0.694297385   40.096761972  734.659926348
    0.697816923   42.526106192  635.910076160
    0.701336462   44.533897394  499.260515263
    0.704856000   46.041987568  358.051591968
    0.708375538   47.080318224  235.628892819
    0.711895077   47.738400175  142.768657997
    0.715414615   48.123779229   79.218886082
    0.718934154   48.329139959   40.665142352
    0.722453692   48.430987554   18.645346449
    0.725973231   48.476452076    7.470760778
    0.729492769   48.494184300    2.624101550
    0.733012308   48.499960990    0.916388118
    0.736531846   48.501870230    0.279826125
    0.740051385   48.502602555   -0.000000000
    0.743570923   48.502602555   -0.000000000
    0.747090462   48.502602555   -0.000000000
    0.750610000   48.502602555   -0.000000000
