#! FIELDS dist file.free der_dist
#! SET min_dist 0.201562
#! SET max_dist 0.75061
#! SET nbins_dist  157
#! SET periodic_dist false
    0.201562000   40.425427265   -0.067739624
    0.205081538   40.423709284   -0.736560648
    0.208601077   40.417567403   -2.906473366
    0.212120615   40.396899338   -9.540892161
    0.215640154   40.336099426  -27.042694408
    0.219159692   40.178209122  -67.228505063
    0.222679231   39.814080834 -147.825914399
    0.226198769   39.064058973 -289.684698529
    0.229718308   37.683906559 -507.123261915
    0.233237846   35.408904298 -795.144164284
    0.236757385   32.042015818 -1119.046072018
    0.240276923   27.563710928 -1414.282073246
    0.243796462   22.210792617 -1603.187545674
    0.247316000   16.477998186 -1622.657548733
    0.250835538   11.009809147 -1454.154544389
    0.254355077    6.417637206 -1136.087152633
    0.257874615    3.089473799 -751.980602958
    0.261394154    1.089150797 -395.797655321
    0.264913692    0.188574170 -134.789107089
    0.268433231    0.000000000    9.037129734
    0.271952769    0.135912525   55.699560638
    0.275472308    0.330404015   50.896962573
    0.278991846    0.491901629   44.937191656
    0.282511385    0.686335492   72.529615037
    0.286030923    1.048289638  137.149727610
    0.289550462    1.666299655  211.737193223
    0.293070000    2.509886703  259.005056480
    0.296589538    3.442125323  261.518885941
    0.300109077    4.316208539  230.232463412
    0.303628615    5.062783856  194.935090623
    0.307148154    5.719172458  180.897514752
    0.310667692    6.378553617  196.601447635
    0.314187231    7.128416455  229.261725414
    0.317706769    7.985480931  251.826220345
    0.321226308    8.867358339  241.373917564
    0.324745846    9.641546030  190.795668820
    0.328265385   10.198897172  125.222062324
    0.331784923   10.555120346   82.711505323
    0.335304462   10.847944115   92.410202274
    0.338824000   11.264070385  147.669154412
    0.342343538   11.900197541  208.535216587
    0.345863077   12.685001392  225.718574806
    0.349382615   13.408568296  172.420639522
    0.352902154   13.838210340   64.819427983
    0.356421692   13.862679222  -47.963426388
    0.359941231   13.560572202 -113.249328585
    0.363460769   13.157701521 -104.714941467
    0.366980308   12.895533515  -38.673900172
    0.370499846   12.902058767   40.029245911
    0.374019385   13.140534832   85.403012916
    0.377538923   13.446315380   78.834616030
    0.381058462   13.646752482   28.784093059
    0.384578000   13.636115810  -36.134118415
    0.388097538   13.408766277  -90.277303926
    0.391617077   13.027424670 -123.646326203
    0.395136615   12.564048894 -137.114408155
    0.398656154   12.082897419 -133.842911530
    0.402175692   11.645402173 -112.653352768
    0.405695231   11.310432433  -77.897674848
    0.409214769   11.102370325  -42.821335704
    0.412734308   10.987066074  -27.886198923
    0.416253846   10.873753648  -43.244467029
    0.419773385   10.660797923  -81.564850308
    0.423292923   10.293301266 -127.200393446
    0.426812462    9.773925677 -167.020386864
    0.430332000    9.143345543 -189.569610011
    0.433851538    8.474250606 -186.400030113
    0.437371077    7.865915603 -154.698678400
    0.440890615    7.413297860 -101.705113973
    0.444410154    7.157388877  -45.980660136
    0.447929692    7.069907753  -10.224700069
    0.451449231    7.056966211   -3.160009561
    0.454968769    7.024774611  -17.875483635
    0.458488308    6.926069078  -38.275985147
    0.462007846    6.765541106  -52.650337445
    0.465527385    6.572148645  -57.715894046
    0.469046923    6.369635128  -57.723238653
    0.472566462    6.167606102  -57.504435389
    0.476086000    5.963524496  -59.767064398
    0.479605538    5.749506018  -62.936866282
    0.483125077    5.529679118  -62.269893325
    0.486644615    5.331002954  -50.138961944
    0.490164154    5.202561719  -21.220619012
    0.493683692    5.196493118   17.211152039
    0.497203231    5.317336316   46.801218745
    0.500722769    5.496540944   47.677016134
    0.504242308    5.618136523   16.367826747
    0.507761846    5.598197601  -28.950099275
    0.511281385    5.440373685  -56.029663634
    0.514800923    5.251002373  -46.999988371
    0.518320462    5.147829952  -10.981065390
    0.521840000    5.176964752   23.975231910
    0.525359538    5.288628324   33.007265554
    0.528879077    5.384854197   17.738483269
    0.532398615    5.414834082   -1.229490600
    0.535918154    5.403616934   -2.275270363
    0.539437692    5.427622589   16.876251068
    0.542957231    5.532222463   39.469967899
    0.546476769    5.686146317   42.715603191
    0.549996308    5.798819010   15.844071699
    0.553515846    5.781158690  -27.210106170
    0.557035385    5.629462438  -55.629307576
    0.560554923    5.445031840  -42.907288834
    0.564074462    5.379666631    9.941870038
    0.567594000    5.532775462   74.592131240
    0.571113538    5.881916447  116.499216513
    0.574633077    6.306160895  115.751542960
    0.578152615    6.659575176   79.341229169
    0.581672154    6.855076704   30.623555403
    0.585191692    6.892479575   -8.503566553
    0.588711231    6.829276937  -24.030521316
    0.592230769    6.752420762  -17.644019276
    0.595750308    6.726040917    3.716388254
    0.599269846    6.785543326   27.976092400
    0.602789385    6.922819130   47.316867858
    0.606308923    7.113347343   58.731569669
    0.609828462    7.334084243   64.965601962
    0.613348000    7.575854006   71.434329874
    0.616867538    7.844793124   80.617348061
    0.620387077    8.152514484   93.721051707
    0.623906615    8.518400931  114.119037984
    0.627426154    8.976981803  148.090196539
    0.630945692    9.587491045  201.451716286
    0.634465231   10.416439420  270.279155352
    0.637984769   11.496356196  340.169594204
    0.641504308   12.792020012  389.490697068
    0.645023846   14.197496053  401.527384167
    0.648543385   15.580614599  378.376913615
    0.652062923   16.854517676  344.893860404
    0.655582462   18.040182654  333.445504418
    0.659102000   19.258623931  364.528247944
    0.662621538   20.658950141  435.161691991
    0.666141077   22.342676245  520.058822365
    0.669660615   24.308618783  591.818286807
    0.673180154   26.474634148  631.141891895
    0.676699692   28.713483743  634.200031855
    0.680219231   30.904550703  605.240110395
    0.683738769   32.950976444  553.084346644
    0.687258308   34.785129655  486.399193872
    0.690777846   36.366322099  409.978801672
    0.694297385   37.667262198  327.948699627
    0.697816923   38.676533151  244.924404947
    0.701336462   39.402997481  167.801634863
    0.704856000   39.878689043  104.544454233
    0.708375538   40.161093644   58.185957181
    0.711895077   40.310394502   28.868955280
    0.715414615   40.381766360   12.251531346
    0.718934154   40.410303884    4.776810315
    0.722453692   40.420799698    1.661697271
    0.725973231   40.424538296    0.393291714
    0.729492769   40.425589632   -0.000000000
    0.733012308   40.425589632   -0.000000000
    0.736531846   40.425589632   -0.000000000
    0.740051385   40.425589632   -0.000000000
    0.743570923   40.425589632   -0.000000000
    0.747090462   40.425589632   -0.000000000
    0.750610000   40.425589632   -0.000000000
