#! FIELDS dist file.free der_dist
#! SET min_dist 0.201562
#! SET max_dist 0.75061
#! SET nbins_dist  157
#! SET periodic_dist false
    0.201562000   59.731056180   -1.155000236
    0.205081538   59.720299400   -4.942111786
    0.208601077   59.685834601  -15.907040924
    0.212120615   59.586031662  -44.398764139
    0.215640154   59.328317491 -109.573365343
    0.219159692   58.735783552 -240.059002021
    0.222679231   57.522267697 -467.504222318
    0.226198769   55.305636348 -810.670797605
    0.229718308   51.696482035 -1251.803100888
    0.233237846   46.455958032 -1722.042815111
    0.236757385   39.667226418 -2111.457958865
    0.240276923   31.819735880 -2307.790542760
    0.243796462   23.724628112 -2247.651137267
    0.247316000   16.281708745 -1946.786372435
    0.250835538   10.198596820 -1493.522076452
    0.254355077    5.803671560 -1007.646669514
    0.257874615    3.018287159 -592.841903833
    0.261394154    1.478192314 -304.273553777
    0.264913692    0.723942684 -142.710464548
    0.268433231    0.364204983  -72.507032205
    0.271952769    0.159734269  -46.841899038
    0.275472308    0.027857748  -25.849125204
    0.278991846    0.000000000   14.684826042
    0.282511385    0.164604280   81.911875260
    0.286030923    0.600352548  164.489616042
    0.289550462    1.317509662  237.197622062
    0.293070000    2.235318727  274.772084573
    0.296589538    3.209506279  269.942732144
    0.300109077    4.106498840  234.295885716
    0.303628615    4.856361516  191.028849672
    0.307148154    5.472854022  160.189333726
    0.310667692    6.023688575  155.492746632
    0.314187231    6.606905516  177.923160826
    0.317706769    7.300060760  213.695066608
    0.321226308    8.108199679  239.914273032
    0.324745846    8.956814113  232.952004988
    0.328265385    9.717825603  193.395075067
    0.331784923   10.310395825  142.014611213
    0.335304462   10.747454111  110.131408812
    0.338824000   11.132785348  112.078161140
    0.342343538   11.569931698  134.868652272
    0.345863077   12.076683587  146.819373025
    0.349382615   12.565092133  121.684616293
    0.352902154   12.896923185   60.780003092
    0.356421692   12.989017342   -8.391841462
    0.359941231   12.873019787  -52.737682316
    0.363460769   12.674226663  -55.575245379
    0.366980308   12.523171325  -29.011531199
    0.370499846   12.475612941   -1.049344533
    0.374019385   12.494187179    4.459112505
    0.377538923   12.483734412  -15.249659537
    0.381058462   12.373541205  -50.135423808
    0.384578000   12.141974718  -81.715515402
    0.388097538   11.820046863  -99.901476828
    0.391617077   11.455691788 -107.616214145
    0.395136615   11.069688053 -113.208225325
    0.398656154   10.657901130 -122.255231287
    0.402175692   10.214895726 -130.516515174
    0.405695231    9.753556678 -132.664550589
    0.409214769    9.295852747 -127.953099398
    0.412734308    8.856727141 -122.984780603
    0.416253846    8.433070633 -120.490426577
    0.419773385    8.018222660 -117.107011217
    0.423292923    7.619267542 -109.739695954
    0.426812462    7.248727893 -103.221995141
    0.430332000    6.895723409 -100.750643469
    0.433851538    6.541308516 -102.443373817
    0.437371077    6.178531686 -103.756483249
    0.440890615    5.820930151 -100.877658790
    0.444410154    5.479382405  -94.567486729
    0.447929692    5.158858536  -90.636082888
    0.451449231    4.845784446  -89.521169593
    0.454968769    4.535031288  -87.715114238
    0.458488308    4.238862708  -80.644850454
    0.462007846    3.978029190  -69.142794286
    0.465527385    3.763055208  -55.214765287
    0.469046923    3.596889933  -40.549009517
    0.472566462    3.485253637  -23.522253142
    0.476086000    3.437182936   -5.628777318
    0.479605538    3.444772180    6.385191283
    0.483125077    3.471693071    3.880688730
    0.486644615    3.463540751  -12.939265151
    0.490164154    3.385897313  -32.019026806
    0.493683692    3.257140116  -40.468168305
    0.497203231    3.126309662  -33.849340299
    0.500722769    3.033434452  -21.496816200
    0.504242308    2.975284533  -14.384968906
    0.507761846    2.927215728  -16.035259650
    0.511281385    2.870549205  -16.105283084
    0.514800923    2.831911013   -6.199101699
    0.518320462    2.844836583   11.126659668
    0.521840000    2.912957929   24.022118778
    0.525359538    2.999577595   20.316081861
    0.528879077    3.047830448    4.006958179
    0.532398615    3.037678434  -10.713725488
    0.535918154    2.998793941   -9.786105843
    0.539437692    2.996177384    8.463100658
    0.542957231    3.075550280   34.101968445
    0.546476769    3.232171867   50.635290361
    0.549996308    3.411548279   45.875762439
    0.553515846    3.538607270   22.630830403
    0.557035385    3.576442327   -2.095538270
    0.560554923    3.553853380   -8.786045505
    0.564074462    3.548154161    7.306745766
    0.567594000    3.624084618   33.909964638
    0.571113538    3.786651190   54.077988590
    0.574633077    3.991394756   57.118296843
    0.578152615    4.180231447   46.535604078
    0.581672154    4.321973077   32.100097190
    0.585191692    4.416388390   19.280369727
    0.588711231    4.471522337   11.243263723
    0.592230769    4.504163347    5.750366863
    0.595750308    4.524556123    5.654115562
    0.599269846    4.558827670   12.825276088
    0.602789385    4.635074185   30.298340392
    0.606308923    4.788700517   56.478650773
    0.609828462    5.043409556   86.292887744
    0.613348000    5.399411567  112.776485049
    0.616867538    5.832571024  129.457491465
    0.620387077    6.305527271  135.850976958
    0.623906615    6.794311098  140.009151462
    0.627426154    7.309674516  153.402789933
    0.630945692    7.902292230  185.176611357
    0.634465231    8.640271582  235.014075918
    0.637984769    9.576366277  295.356911634
    0.641504308   10.723643737  352.809878248
    0.645023846   12.046908653  394.275787398
    0.648543385   13.479265628  413.775662496
    0.652062923   14.952037778  419.527363552
    0.655582462   16.443636515  427.734912323
    0.659102000   17.991295856  452.563397906
    0.662621538   19.657221901  494.146854829
    0.666141077   21.472756740  532.511617119
    0.669660615   23.385027884  546.978777721
    0.673180154   25.296121286  532.918886531
    0.676699692   27.138999263  514.507570599
    0.680219231   28.960265599  526.234883095
    0.683738769   30.909074631  586.786417588
    0.687258308   33.142729288  683.962648690
    0.690777846   35.730830292  781.782656986
    0.694297385   38.614973342  848.496902481
    0.697816923   41.658128700  871.950438322
    0.701336462   44.713235820  855.472962127
    0.704856000   47.650605831  806.862299721
    0.708375538   50.364220468  729.021310226
    0.711895077   52.759011071  627.404357677
    0.715414615   54.769140549  511.664208002
    0.718934154   56.366343275  396.078138348
    0.722453692   57.571715397  289.887579906
    0.725973231   58.430628976  199.626997745
    0.729492769   59.004167900  127.932915900
    0.733012308   59.357733760   75.563427934
    0.736531846   59.557982631   40.226253988
    0.740051385   59.660075225   19.051910589
    0.743570923   59.706944851    7.746640828
    0.747090462   59.724912068    2.919567182
    0.750610000   59.731271608    0.993909830
