#! FIELDS dist file.free der_dist
#! SET min_dist 0.201562
#! SET max_dist 0.75061
#! SET nbins_dist  157
#! SET periodic_dist false
    0.201562000   59.561894221   -1.155000236
    0.205081538   59.551197647   -4.917909980
    0.208601077   59.516913723  -15.818141918
    0.212120615   59.417722826  -44.112438080
    0.215640154   59.161780211 -108.781641464
    0.219159692   58.573778504 -238.142216752
    0.222679231   57.370416914 -463.450770554
    0.226198769   55.173695558 -803.194858889
    0.229718308   51.598546880 -1239.838025060
    0.233237846   46.408321166 -1705.553385648
    0.236757385   39.683363303 -2092.158935298
    0.240276923   31.903851353 -2289.138757615
    0.243796462   23.867181786 -2233.740396479
    0.247316000   16.460215227 -1940.576419314
    0.250835538   10.384364683 -1495.434913081
    0.254355077    5.971377476 -1015.457250465
    0.257874615    3.153387776 -602.940057128
    0.261394154    1.578617993 -313.474260849
    0.264913692    0.796013347 -149.555773193
    0.268433231    0.415927944  -77.419914766
    0.271952769    0.195497560  -51.252438333
    0.275472308    0.047143764  -30.926406449
    0.278991846    0.000000000    8.908343760
    0.282511385    0.144682849   76.648922570
    0.286030923    0.565445447  161.592484705
    0.289550462    1.278772529  238.120165957
    0.293070000    2.207221256  279.830663199
    0.296589538    3.205000839  277.998923488
    0.300109077    4.132437391  243.122118360
    0.303628615    4.911092555  198.200573112
    0.307148154    5.547390042  164.132331400
    0.310667692    6.106079788  156.158844383
    0.314187231    6.687826190  176.778184967
    0.317706769    7.377029513  212.982263215
    0.321226308    8.186256205  241.452686544
    0.324745846    9.045111750  237.148326082
    0.328265385    9.823885449  198.960984188
    0.331784923   10.435190261  146.697577302
    0.335304462   10.884202229  112.022794806
    0.338824000   11.270390681  110.759546794
    0.342343538   11.699017397  131.701914788
    0.345863077   12.194811399  144.191132815
    0.349382615   12.678141843  121.700614920
    0.352902154   13.015862282   64.051652855
    0.356421692   13.123557256   -3.147007450
    0.359941231   13.025669638  -48.184340866
    0.363460769   12.837488982  -54.496534672
    0.366980308   12.681517783  -32.988654088
    0.370499846   12.611228839   -9.760006020
    0.374019385   12.593479530   -7.044789717
    0.377538923   12.541271994  -27.081298991
    0.381058462   12.391625587  -60.498035609
    0.384578000   12.127050973  -90.117438492
    0.388097538   11.778355602 -106.839295195
    0.391617077   11.391059886 -113.788919725
    0.395136615   10.984205208 -118.865766339
    0.398656154   10.553914642 -126.983683667
    0.402175692   10.096904790 -133.610766960
    0.405695231    9.628398640 -133.567025517
    0.409214769    9.171526258 -126.588712600
    0.412734308    8.740536212 -119.831671845
    0.416253846    8.329872775 -116.431341386
    0.419773385    7.929353276 -113.200828860
    0.423292923    7.542433820 -106.932980866
    0.426812462    7.178963277 -102.053239758
    0.430332000    6.827194214 -101.149140672
    0.433851538    6.469414023 -103.824773077
    0.437371077    6.101163553 -105.369056432
    0.440890615    5.738296342 -102.213117474
    0.444410154    5.392667910  -95.578176884
    0.447929692    5.068782387  -91.588676236
    0.451449231    4.752078297  -90.649959923
    0.454968769    4.437085637  -88.957316907
    0.458488308    4.136811013  -81.665347313
    0.462007846    3.873283914  -69.615234806
    0.465527385    3.657721069  -55.091562427
    0.469046923    3.492577820  -40.156716475
    0.472566462    3.382032835  -23.379161982
    0.476086000    3.333390578   -6.142466646
    0.479605538    3.337823199    5.125867343
    0.483125077    3.359330921    2.129927325
    0.486644615    3.344794365  -14.730917428
    0.490164154    3.261345576  -33.473507781
    0.493683692    3.128289183  -41.458322178
    0.497203231    2.994635753  -34.495441107
    0.500722769    2.899767719  -22.013888286
    0.504242308    2.839880469  -14.852581269
    0.507761846    2.790452232  -16.283344113
    0.511281385    2.733786071  -15.786627757
    0.514800923    2.697726923   -5.022476650
    0.518320462    2.716339224   13.140943080
    0.521840000    2.792429258   26.442292904
    0.525359538    2.887301103   22.471046199
    0.528879077    2.941808803    5.339601477
    0.532398615    2.934558167  -10.394725747
    0.535918154    2.895233007  -10.294781028
    0.539437692    2.889899041    7.496067321
    0.542957231    2.965649208   33.072481034
    0.546476769    3.119037760   49.883379727
    0.549996308    3.296625562   45.638671358
    0.553515846    3.423882829   22.970766081
    0.557035385    3.463682979   -1.372869519
    0.560554923    3.443737478   -8.085491278
    0.564074462    3.439824855    7.559310218
    0.567594000    3.515473648   33.500760738
    0.571113538    3.675511206   53.096245338
    0.574633077    3.876304219   55.930648161
    0.578152615    4.061289040   45.611472087
    0.581672154    4.200853463   31.841439075
    0.585191692    4.295887251   19.913799954
    0.588711231    4.354833539   12.754391884
    0.592230769    4.393997731    7.882900959
    0.595750308    4.422307277    7.924169943
    0.599269846    4.463903308   14.615314896
    0.602789385    4.544736371   31.036807961
    0.606308923    4.698617236   55.883146123
    0.609828462    4.948996822   84.485665493
    0.613348000    5.297182543  110.238443880
    0.616867538    5.720952853  126.750279381
    0.620387077    6.184644493  133.328355234
    0.623906615    6.665009427  137.738763014
    0.627426154    7.172686362  151.286520739
    0.630945692    7.758011869  183.153751446
    0.634465231    8.489112640  233.149547176
    0.637984769    9.419136427  293.795684791
    0.641504308   10.561618431  351.658774181
    0.645023846   11.881564970  393.536013573
    0.648543385   13.311903427  413.369278566
    0.652062923   14.783639968  419.327924811
    0.655582462   16.274761202  427.650010784
    0.659102000   17.822228896  452.531916871
    0.662621538   19.488087757  494.136658141
    0.666141077   21.303594781  532.511617119
    0.669660615   23.215865924  546.978777721
    0.673180154   25.126959327  532.918886531
    0.676699692   26.969837304  514.507570599
    0.680219231   28.791103640  526.234883095
    0.683738769   30.739912672  586.786417588
    0.687258308   32.973567329  683.962648690
    0.690777846   35.561668333  781.782656986
    0.694297385   38.445811383  848.496902481
    0.697816923   41.488966741  871.950438322
    0.701336462   44.544073861  855.472962127
    0.704856000   47.481443871  806.862299721
    0.708375538   50.195058509  729.021310226
    0.711895077   52.589849112  627.404357677
    0.715414615   54.599978590  511.664208002
    0.718934154   56.197181316  396.078138348
    0.722453692   57.402553438  289.887579906
    0.725973231   58.261467017  199.626997745
    0.729492769   58.835005941  127.932915900
    0.733012308   59.188571801   75.563427934
    0.736531846   59.388820672   40.226253988
    0.740051385   59.490913266   19.051910589
    0.743570923   59.537782892    7.746640828
    0.747090462   59.555750108    2.919567182
    0.750610000   59.562109649    0.993909830
