#! FIELDS dist file.free der_dist
#! SET min_dist 0.201562
#! SET max_dist 0.75061
#! SET nbins_dist  157
#! SET periodic_dist false
    0.201562000   15.256989214   -0.000000000
    0.205081538   15.256989214   -0.000000000
    0.208601077   15.256989214   -0.000000000
    0.212120615   15.256816088   -0.073092622
    0.215640154   15.256270106   -0.278294078
    0.219159692   15.253180224   -1.398677103
    0.222679231   15.243042047   -4.712648736
    0.226198769   15.213311238  -13.387847329
    0.229718308   15.134577319  -33.749027738
    0.233237846   14.950825035  -74.966165606
    0.236757385   14.569530412 -147.521623436
    0.240276923   13.868456670 -256.823125445
    0.243796462   12.726028820 -395.450775431
    0.247316000   11.080367017 -537.130543082
    0.250835538    8.987515387 -642.144135804
    0.254355077    6.648242311 -672.116706782
    0.257874615    4.365118149 -610.325419510
    0.261394154    2.441715661 -472.971903640
    0.264913692    1.074934921 -302.226710750
    0.268433231    0.297209216 -145.308627008
    0.271952769    0.000000000  -31.555985412
    0.275472308    0.024532302   40.201884703
    0.278991846    0.262553829   95.227630204
    0.282511385    0.709382038  162.211422963
    0.286030923    1.428662542  248.824812118
    0.289550462    2.459479254  333.687309895
    0.293070000    3.732975224  380.131168564
    0.296589538    5.062346383  364.236183305
    0.300109077    6.229337463  290.952562741
    0.303628615    7.088284857  196.716385726
    0.307148154    7.645292366  126.148886996
    0.310667692    8.045294193  110.266224619
    0.314187231    8.491087967  150.146645350
    0.317706769    9.134963910  215.839594287
    0.321226308    9.992680808  265.289777554
    0.324745846   10.948083119  267.075308616
    0.328265385   11.820323988  221.950371955
    0.331784923   12.482658410  152.496095267
    0.335304462   12.902802618   88.483994899
    0.338824000   13.127069960   41.438096728
    0.342343538   13.203165807    1.038478604
    0.345863077   13.123903058  -49.013200044
    0.349382615   12.844292068 -110.649006769
    0.352902154   12.355558349 -163.091221349
    0.356421692   11.746885699 -174.171439509
    0.359941231   11.201838921 -126.367365552
    0.363460769   10.909285945  -36.112020710
    0.366980308   10.942676361   50.094977938
    0.370499846   11.199322817   84.312821116
    0.374019385   11.451578746   48.030077318
    0.377538923   11.480476712  -35.559796888
    0.381058462   11.203638738 -117.545805014
    0.384578000   10.705259425 -156.636361948
    0.388097538   10.161934541 -144.961915627
    0.391617077    9.716204863 -106.845191338
    0.395136615    9.401807239  -74.656829389
    0.398656154    9.166086937  -61.873156036
    0.402175692    8.958346433  -55.737262524
    0.405695231    8.794202416  -34.247372769
    0.409214769    8.747366890   10.835040354
    0.412734308    8.878804618   62.785432624
    0.416253846    9.163378590   93.030443148
    0.419773385    9.481929817   80.420043985
    0.423292923    9.679246220   26.012699740
    0.426812462    9.640276672  -49.809288255
    0.430332000    9.339580318 -118.682295178
    0.433851538    8.839749643 -159.986810135
    0.437371077    8.251191135 -169.348591573
    0.440890615    7.676819536 -154.305756764
    0.444410154    7.178968614 -127.465212039
    0.447929692    6.781269308  -99.544268345
    0.451449231    6.477383436  -74.328893576
    0.454968769    6.257457473  -50.928278289
    0.458488308    6.116494036  -29.766976104
    0.462007846    6.039842393  -15.683899199
    0.465527385    5.985453426  -19.712467483
    0.469046923    5.871642434  -49.165441239
    0.472566462    5.614848860  -98.495240600
    0.476086000    5.179694393 -146.199569818
    0.479605538    4.618018645 -167.230870566
    0.483125077    4.049319071 -149.876476402
    0.486644615    3.596827737 -105.257115777
    0.490164154    3.316053107  -56.071894424
    0.493683692    3.181252975  -25.130074545
    0.497203231    3.103706008  -24.141191479
    0.500722769    2.978419140  -51.565661897
    0.504242308    2.729276431  -89.897381011
    0.507761846    2.363287306 -113.849469847
    0.511281385    1.976659714  -98.139041196
    0.514800923    1.725902058  -38.241098559
    0.518320462    1.731278546   40.500177328
    0.521840000    1.987500055   97.761875576
    0.525359538    2.358495073  102.459307984
    0.528879077    2.650089155   56.239456458
    0.532398615    2.732086546  -10.663637510
    0.535918154    2.600366651  -58.155650008
    0.539437692    2.374771855  -63.527506479
    0.542957231    2.202867242  -30.161025522
    0.546476769    2.176233639   14.259074146
    0.549996308    2.281369274   40.560675888
    0.553515846    2.429633845   39.239555280
    0.557035385    2.544089522   24.629862392
    0.560554923    2.621542802   22.157882386
    0.564074462    2.730174913   43.387423478
    0.567594000    2.944049674   77.950155271
    0.571113538    3.272251912  104.761342942
    0.574633077    3.651427848  105.524466408
    0.578152615    3.981599833   77.150163810
    0.581672154    4.177364231   31.898475563
    0.585191692    4.209671927  -13.409319375
    0.588711231    4.104334903  -43.175465405
    0.592230769    3.932616136  -50.979671316
    0.595750308    3.772279708  -37.011947715
    0.599269846    3.690622590   -8.491518224
    0.602789385    3.724506879   27.742205293
    0.606308923    3.889743377   65.894633624
    0.609828462    4.188400984  102.886687112
    0.613348000    4.614780596  139.142038447
    0.616867538    5.170702674  176.450232043
    0.620387077    5.867848845  220.796735053
    0.623906615    6.738066851  274.862286447
    0.627426154    7.809659399  332.799965153
    0.630945692    9.068677983  378.771524786
    0.634465231   10.437710415  392.403070024
    0.637984769   11.781964721  363.531088631
    0.641504308   12.957304174  299.458448294
    0.645023846   13.870568914  218.351360632
    0.648543385   14.500296899  140.561035468
    0.652062923   14.884109780   80.181777113
    0.655582462   15.091736927   40.481204283
    0.659102000   15.191427260   18.051176807
    0.662621538   15.233470325    7.227337998
    0.666141077   15.250242156    2.247409943
    0.669660615   15.255236060    0.631400594
    0.673180154   15.256989214   -0.000000000
    0.676699692   15.256989214   -0.000000000
    0.680219231   15.256989214   -0.000000000
    0.683738769   15.256989214   -0.000000000
    0.687258308   15.256989214   -0.000000000
    0.690777846   15.256989214   -0.000000000
    0.694297385   15.256989214   -0.000000000
    0.697816923   15.256989214   -0.000000000
    0.701336462   15.256989214   -0.000000000
    0.704856000   15.256989214   -0.000000000
    0.708375538   15.256989214   -0.000000000
    0.711895077   15.256989214   -0.000000000
    0.715414615   15.256989214   -0.000000000
    0.718934154   15.256989214   -0.000000000
    0.722453692   15.256989214   -0.000000000
    0.725973231   15.256989214   -0.000000000
    0.729492769   15.256989214   -0.000000000
    0.733012308   15.256989214   -0.000000000
    0.736531846   15.256989214   -0.000000000
    0.740051385   15.256989214   -0.000000000
    0.743570923   15.256989214   -0.000000000
    0.747090462   15.256989214   -0.000000000
    0.750610000   15.256989214   -0.000000000
