#! FIELDS dist file.free der_dist
#! SET min_dist 0.201562
#! SET max_dist 0.75061
#! SET nbins_dist  157
#! SET periodic_dist false
    0.201562000   31.440277709   -0.000000000
    0.205081538   31.439819691   -0.182582850
    0.208601077   31.438119556   -0.799536446
    0.212120615   31.431785746   -2.927086132
    0.215640154   31.411774399   -9.036272825
    0.219159692   31.356157800  -24.288564110
    0.222679231   31.218293754  -57.800321215
    0.226198769   30.910472073 -123.387303026
    0.229718308   30.292150494 -236.819026135
    0.233237846   29.172386834 -409.409047512
    0.236757385   27.342592568 -637.909755162
    0.240276923   24.647233771 -894.529149198
    0.243796462   21.073496998 -1126.353065599
    0.247316000   16.824180922 -1267.915910841
    0.250835538   12.314014693 -1268.542796310
    0.254355077    8.073427295 -1117.336945801
    0.257874615    4.582690341 -852.574056461
    0.261394154    2.120110076 -546.157230671
    0.264913692    0.697430457 -272.802229810
    0.268433231    0.099512323  -82.871422309
    0.271952769    0.000000000   11.811918900
    0.275472308    0.099787741   37.120776483
    0.278991846    0.235154842   41.013162124
    0.282511385    0.415993980   68.486109725
    0.286030923    0.764546018  135.126422330
    0.289550462    1.390770800  220.559284172
    0.293070000    2.295796138  286.204860219
    0.296589538    3.357782388  308.320677647
    0.300109077    4.422024883  290.280774081
    0.303628615    5.387001934  256.885724164
    0.307148154    6.245727460  232.321280372
    0.310667692    7.053554512  229.018054058
    0.314187231    7.883072452  243.471810424
    0.317706769    8.772158144  258.659578284
    0.321226308    9.685654372  255.013419241
    0.324745846   10.532144743  218.664103534
    0.328265385   11.204712523  160.744199294
    0.331784923   11.671681468  106.499968571
    0.335304462   11.993417654   81.695113331
    0.338824000   12.287284394   88.446360748
    0.342343538   12.630707538  103.951731916
    0.345863077   12.999940325   99.800951900
    0.349382615   13.297105122   63.243750120
    0.352902154   13.427737757    9.819125024
    0.356421692   13.385876682  -29.282529957
    0.359941231   13.271132728  -28.974623672
    0.363460769   13.234039219   12.223098751
    0.366980308   13.377415716   68.159675772
    0.370499846   13.687592407  101.418043099
    0.374019385   14.034505559   85.780907828
    0.377538923   14.239579633   24.263485813
    0.381058462   14.183665845  -57.246771322
    0.384578000   13.857354288 -124.166458332
    0.388097538   13.350651802 -158.196052620
    0.391617077   12.776806534 -165.383302975
    0.395136615   12.196548606 -165.018163112
    0.398656154   11.607975201 -170.695458006
    0.402175692   10.993621341 -178.224936626
    0.405695231   10.368024212 -176.023337542
    0.409214769    9.778259514 -157.084622503
    0.412734308    9.274452473 -128.852276329
    0.416253846    8.870134749 -103.504082103
    0.419773385    8.536160485  -89.240770179
    0.423292923    8.225593145  -89.488294152
    0.426812462    7.891150269 -102.878572457
    0.430332000    7.501289730 -119.604306151
    0.433851538    7.066226173 -124.697174254
    0.437371077    6.649577662 -107.876547253
    0.440890615    6.331689061  -71.581219916
    0.444410154    6.150293215  -33.731839505
    0.447929692    6.071823319  -17.329334431
    0.451449231    5.997166516  -30.688644278
    0.454968769    5.834063172  -64.010946374
    0.458488308    5.549968768  -95.713925659
    0.462007846    5.184933682 -108.854553781
    0.465527385    4.817039639  -98.023321141
    0.469046923    4.518047184  -70.876911295
    0.472566462    4.322694264  -40.849454481
    0.476086000    4.217984803  -21.942892809
    0.479605538    4.149002140  -21.436856933
    0.483125077    4.052920693  -35.887705300
    0.486644615    3.901890586  -49.706166043
    0.490164154    3.731348012  -43.579072906
    0.493683692    3.627221115  -12.913960911
    0.497203231    3.651825126   24.718443822
    0.500722769    3.775947659   38.263406464
    0.504242308    3.873590984    9.687283870
    0.507761846    3.810346379  -49.066563217
    0.511281385    3.542251129  -98.713940209
    0.514800923    3.169985047 -105.585160426
    0.518320462    2.858890890  -66.776859173
    0.521840000    2.725484739   -9.880391609
    0.525359538    2.770553734   29.619377833
    0.528879077    2.901633204   39.390376502
    0.532398615    3.031027649   31.305581320
    0.535918154    3.131561404   26.987740754
    0.539437692    3.239990662   35.110799829
    0.542957231    3.387683776   46.276660168
    0.546476769    3.549418689   41.107799464
    0.549996308    3.643779817    7.494550190
    0.553515846    3.581505457  -44.623938948
    0.557035385    3.346305850  -86.338330896
    0.560554923    3.027092401  -88.449349030
    0.564074462    2.781106882  -45.497176451
    0.567594000    2.738508209   21.462306170
    0.571113538    2.927237515   81.257938737
    0.574633077    3.278244277  111.414104762
    0.578152615    3.681142354  112.540933738
    0.581672154    4.060227404  101.667022752
    0.585191692    4.407081333   95.195127009
    0.588711231    4.749499998  100.302205329
    0.592230769    5.116127994  105.909563377
    0.595750308    5.479996556   96.843031577
    0.599269846    5.769846991   62.007513141
    0.602789385    5.898004826    7.699414101
    0.606308923    5.828032242  -46.139696095
    0.609828462    5.604665227  -76.291254303
    0.613348000    5.338960754  -69.513472116
    0.616867538    5.158693842  -29.704056080
    0.620387077    5.157514237   30.089921036
    0.623906615    5.384919378   98.661993667
    0.627426154    5.862847450  172.747291472
    0.630945692    6.611775320  253.220715428
    0.634465231    7.648579938  334.122291825
    0.637984769    8.952158013  401.624456650
    0.641504308   10.444064849  439.378165798
    0.645023846   12.003388039  440.374779800
    0.648543385   13.517522924  416.559831980
    0.652062923   14.944521583  395.977056622
    0.655582462   16.346118336  405.914202634
    0.659102000   17.854087750  455.155046364
    0.662621538   19.583209139  527.817657979
    0.666141077   21.558459897  588.422922636
    0.669660615   23.675934338  604.817878777
    0.673180154   25.749025931  561.898033919
    0.676699692   27.577514420  469.786501939
    0.680219231   29.028735257  352.403480317
    0.683738769   30.063389518  236.782221411
    0.687258308   30.724068263  142.677089588
    0.690777846   31.103054584   76.669753007
    0.694297385   31.296885431   36.801302365
    0.697816923   31.385903870   15.542328849
    0.701336462   31.422783860    5.453350378
    0.704856000   31.434774320    1.901254813
    0.708375538   31.439076622    0.443566008
    0.711895077   31.440277709   -0.000000000
    0.715414615   31.440277709   -0.000000000
    0.718934154   31.440277709   -0.000000000
    0.722453692   31.440277709   -0.000000000
    0.725973231   31.440277709   -0.000000000
    0.729492769   31.440277709   -0.000000000
    0.733012308   31.440277709   -0.000000000
    0.736531846   31.440277709   -0.000000000
    0.740051385   31.440277709   -0.000000000
    0.743570923   31.440277709   -0.000000000
    0.747090462   31.440277709   -0.000000000
    0.750610000   31.440277709   -0.000000000
