#! FIELDS dist file.free der_dist
#! SET min_dist 0.201562
#! SET max_dist 0.75061
#! SET nbins_dist  157
#! SET periodic_dist false
    0.201562000   58.961712712   -1.142109999
    0.205081538   58.951109004   -4.871681433
    0.208601077   58.917132722  -15.672985206
    0.212120615   58.818843612  -43.710477188
    0.215640154   58.565203448 -107.810955897
    0.219159692   57.982337486 -236.100431807
    0.222679231   56.788983743 -459.709376446
    0.226198769   54.609227803 -797.243072563
    0.229718308   51.059117531 -1231.613286649
    0.233237846   45.901076813 -1695.647850168
    0.236757385   39.212446638 -2081.611895590
    0.240276923   31.469830400 -2278.819339857
    0.243796462   23.468843671 -2223.720248286
    0.247316000   16.097733671 -1930.038630063
    0.250835538   10.061569607 -1483.258361713
    0.254355077    5.695327665 -1001.062385072
    0.257874615    2.931401833 -586.796422852
    0.261394154    1.414533890 -297.016763596
    0.264913692    0.687687314 -134.648905022
    0.268433231    0.354815502  -65.730749466
    0.271952769    0.168387827  -43.693387388
    0.275472308    0.039488926  -27.301500382
    0.278991846    0.000000000    9.922353784
    0.282511385    0.146446260   76.994152761
    0.286030923    0.569699981  162.836301623
    0.289550462    1.289769530  240.640277233
    0.293070000    2.228092795  282.672972987
    0.296589538    3.234202752  279.678973370
    0.300109077    4.164123392  242.821564956
    0.303628615    4.938779110  196.443112241
    0.307148154    5.568510061  162.472951530
    0.310667692    6.124115338  156.310690809
    0.314187231    6.711166573  179.747853402
    0.317706769    7.415818812  218.690930807
    0.321226308    8.248444190  248.826295831
    0.324745846    9.133907857  244.666256382
    0.328265385    9.937679561  205.574596498
    0.331784923   10.570714038  152.598345056
    0.335304462   11.041076070  118.527393284
    0.338824000   11.453086496  119.051024376
    0.342343538   11.913474644  141.151119786
    0.345863077   12.440471671  151.837447644
    0.349382615   12.941689951  123.654574996
    0.352902154   13.272673998   58.241183361
    0.356421692   13.348173228  -14.964408483
    0.359941231   13.205614027  -60.671803885
    0.363460769   12.981572257  -61.453931026
    0.366980308   12.816762587  -30.769330740
    0.370499846   12.769681544    0.676956874
    0.374019385   12.796157535    6.642770926
    0.377538923   12.788417446  -16.469458116
    0.381058462   12.663680994  -57.402832693
    0.384578000   12.395145669  -95.239310220
    0.388097538   12.017745260 -117.287274674
    0.391617077   11.590943227 -124.946837680
    0.395136615   11.149685420 -126.690722125
    0.398656154   10.701173319 -129.328598450
    0.402175692   10.245843299 -130.419546237
    0.405695231    9.796677296 -126.015018684
    0.409214769    9.371894114 -116.142626777
    0.412734308    8.980764922 -107.840269610
    0.416253846    8.613055792 -104.191324396
    0.419773385    8.253990023 -102.055035011
    0.423292923    7.902717485  -97.891694451
    0.426812462    7.566894524  -95.294685709
    0.430332000    7.235998056  -95.822246897
    0.433851538    6.896466978  -98.527383077
    0.437371077    6.548293422  -99.203996736
    0.440890615    6.208197459  -95.603954928
    0.444410154    5.884098417  -90.282457032
    0.447929692    5.573442155  -89.617429577
    0.451449231    5.256193572  -92.889501087
    0.454968769    4.926928069  -94.542682842
    0.458488308    4.603928448  -88.636287918
    0.462007846    4.315803371  -76.433940205
    0.465527385    4.076732633  -61.740019480
    0.469046923    3.886666621  -47.904914826
    0.472566462    3.744866945  -33.453653395
    0.476086000    3.656653988  -18.315524912
    0.479605538    3.617599248   -6.835125208
    0.483125077    3.602447236   -6.107001367
    0.486644615    3.570027601  -16.254448901
    0.490164154    3.494318339  -27.664068172
    0.493683692    3.391266130  -30.810065653
    0.497203231    3.296599157  -23.850470003
    0.500722769    3.231616289  -16.366472884
    0.504242308    3.178093892  -17.053057705
    0.507761846    3.107293541  -25.808657947
    0.511281385    3.008765805  -29.320637774
    0.514800923    2.924144128  -18.401681749
    0.518320462    2.900469719    2.862641638
    0.521840000    2.947147585   19.970027680
    0.525359538    3.024511214   18.760371497
    0.528879077    3.068465516    2.837584012
    0.532398615    3.053108398  -12.548031168
    0.535918154    3.007045082  -11.803749042
    0.539437692    2.998927759    7.660757581
    0.542957231    3.079562372   35.835166583
    0.546476769    3.247543544   55.428169083
    0.549996308    3.448572149   53.264321094
    0.553515846    3.604671904   31.572736637
    0.557035385    3.674843179    7.134848719
    0.560554923    3.683537476   -0.383566785
    0.564074462    3.704695396   14.116632607
    0.567594000    3.801404864   38.959719237
    0.571113538    3.979296266   57.918558523
    0.574633077    4.196664483   60.619302274
    0.578152615    4.398180222   50.297925660
    0.581672154    4.553419601   35.930439298
    0.585191692    4.660171135   22.311708223
    0.588711231    4.723284519   12.648824734
    0.592230769    4.757603124    5.368985458
    0.595750308    4.774178610    4.027360734
    0.599269846    4.801827580   10.887088112
    0.602789385    4.872051141   28.983856428
    0.606308923    5.023289518   56.583341534
    0.609828462    5.281483168   88.262539441
    0.613348000    5.647418506  116.351069145
    0.616867538    6.094340067  133.441140970
    0.620387077    6.579215821  138.334295307
    0.623906615    7.071224624  139.143109437
    0.627426154    7.576205333  148.390562131
    0.630945692    8.144299045  176.491800449
    0.634465231    8.847143789  224.030358773
    0.637984769    9.742903256  283.722495089
    0.641504308   10.850099636  341.925434173
    0.645023846   12.137908230  385.162877669
    0.648543385   13.541925861  406.836389613
    0.652062923   14.993309686  414.156522703
    0.655582462   16.466316517  422.174888753
    0.659102000   17.990589566  444.527287377
    0.662621538   19.621515815  482.252151596
    0.666141077   21.389255800  517.611398178
    0.669660615   23.248071384  532.212053102
    0.673180154   25.113791631  522.731035346
    0.676699692   26.935407255  513.377326178
    0.680219231   28.774790527  538.372889841
    0.683738769   30.795411464  616.083146360
    0.687258308   33.165980888  732.576224279
    0.690777846   35.956099607  846.893614826
    0.694297385   39.083695006  919.188566122
    0.697816923   42.358969162  929.715146705
    0.701336462   45.564590980  880.371188504
    0.704856000   48.511928742  786.756127738
    0.708375538   51.076818457  666.361368948
    0.711895077   53.198478560  538.354092685
    0.715414615   54.881157726  418.251222246
    0.718934154   56.169755546  316.504915880
    0.722453692   57.133567912  232.790272035
    0.725973231   57.831388276  164.553382352
    0.729492769   58.312358832  109.299552975
    0.733012308   58.619714332   66.956551496
    0.736531846   58.799683428   36.818323659
    0.740051385   58.894227355   17.843670794
    0.743570923   58.938276270    7.484323751
    0.747090462   58.955536867    2.919567182
    0.750610000   58.961896408    0.993909830
