#! FIELDS dist file.free der_dist
#! SET min_dist 0.201562
#! SET max_dist 0.75061
#! SET nbins_dist  157
#! SET periodic_dist false
    0.201562000   52.698028345   -0.537066315
    0.205081538   52.692149034   -2.689794127
    0.208601077   52.672335195   -9.261892962
    0.212120615   52.611977435  -27.284575881
    0.215640154   52.448759323  -70.607911963
    0.219159692   52.057023241 -161.558383450
    0.222679231   51.221160543 -327.838123639
    0.226198769   49.631792403 -591.885712950
    0.229718308   46.938772130 -951.690271768
    0.233237846   42.866484011 -1364.892228571
    0.236757385   37.362904711 -1748.671769435
    0.240276923   30.708430320 -2003.060329964
    0.243796462   23.505699169 -2051.238611751
    0.247316000   16.536089080 -1873.115827471
    0.250835538   10.529958362 -1516.338634149
    0.254355077    5.958631174 -1075.943921510
    0.257874615    2.928506044 -656.726462577
    0.261394154    1.217843192 -334.829184000
    0.264913692    0.422749929 -136.754864743
    0.268433231    0.128825004  -44.270704409
    0.271952769    0.035130341  -15.124508429
    0.275472308    0.000000000   -4.204070980
    0.278991846    0.022693675   22.126810286
    0.282511385    0.192945438   79.248415980
    0.286030923    0.613566136  160.773905470
    0.289550462    1.328588292  241.366030621
    0.293070000    2.283219729  292.136108933
    0.296589538    3.341985737  300.209967152
    0.300109077    4.360234657  271.910677350
    0.303628615    5.242354293  227.153602277
    0.307148154    5.969156591  185.492569917
    0.310667692    6.578326487  162.616658100
    0.314187231    7.148447582  163.439289303
    0.317706769    7.753729490  179.148139446
    0.321226308    8.413228413  191.629483771
    0.324745846    9.080639464  180.251076260
    0.328265385    9.663195642  146.577629978
    0.331784923   10.114690828  110.172352693
    0.335304462   10.474747549   99.066054541
    0.338824000   10.859054339  122.373199384
    0.342343538   11.361944378  160.591414433
    0.345863077   11.969285845  176.206929798
    0.349382615   12.546031451  140.547710057
    0.352902154   12.908546485   58.430010957
    0.356421692   12.950323467  -33.656267567
    0.359941231   12.715991032  -92.256721074
    0.363460769   12.375205618  -93.657765856
    0.366980308   12.115124854  -50.616727496
    0.370499846   12.032741673    1.344500997
    0.374019385   12.098972427   28.080352648
    0.377538923   12.194013655   19.254264478
    0.381058462   12.206606171  -16.418260508
    0.384578000   12.080164127  -56.129123442
    0.388097538   11.831310257  -83.383667281
    0.391617077   11.513700296  -96.493764322
    0.395136615   11.163396450 -103.143685036
    0.398656154   10.788012174 -111.331255000
    0.402175692   10.383267007 -119.867335298
    0.405695231    9.954385282 -125.278931288
    0.409214769    9.512414440 -126.619827923
    0.412734308    9.064484028 -129.233642314
    0.416253846    8.604926030 -134.286597977
    0.419773385    8.129973290 -136.784064564
    0.423292923    7.656134988 -131.582559398
    0.426812462    7.213338460 -120.905372982
    0.430332000    6.816743541 -106.326226006
    0.433851538    6.474347047  -88.995855636
    0.437371077    6.195360607  -69.626793092
    0.440890615    5.986345143  -51.812773948
    0.444410154    5.827746191  -41.303165824
    0.447929692    5.686400020  -43.121440069
    0.451449231    5.523231137  -51.673199145
    0.454968769    5.331136184  -57.181055672
    0.458488308    5.135425978  -53.375293077
    0.462007846    4.965948058  -44.634388819
    0.465527385    4.825342164  -38.435414731
    0.469046923    4.693327978  -38.816520156
    0.472566462    4.553373934  -41.369005535
    0.476086000    4.409984250  -40.701115742
    0.479605538    4.276601406  -36.454829225
    0.483125077    4.157667150  -33.749777963
    0.486644615    4.042088712  -34.737950874
    0.490164154    3.921396675  -34.587508343
    0.493683692    3.810666393  -28.792817754
    0.497203231    3.730442865  -18.480870003
    0.500722769    3.681930576  -12.851008980
    0.504242308    3.633432586  -17.461544195
    0.507761846    3.556158124  -28.222728417
    0.511281385    3.451634738  -29.359087137
    0.514800923    3.376054668  -12.722078437
    0.518320462    3.381162362   13.205789336
    0.521840000    3.464573079   29.663910394
    0.525359538    3.565739860   22.105871755
    0.528879077    3.607248960   -1.371004734
    0.532398615    3.569703957  -19.563740073
    0.535918154    3.503889360  -14.749189688
    0.539437692    3.497967576   12.056711672
    0.542957231    3.602485659   44.101048003
    0.546476769    3.793982548   59.281135026
    0.549996308    3.988940612   45.411164660
    0.553515846    4.093555375   10.882552200
    0.557035385    4.076684798  -19.852921563
    0.560554923    3.994875186  -22.796921152
    0.564074462    3.958983927    5.441557442
    0.567594000    4.053224817   46.186982513
    0.571113538    4.275978659   74.807654197
    0.574633077    4.552831152   75.551488204
    0.578152615    4.785948979   51.941006519
    0.581672154    4.913651796   18.594900060
    0.585191692    4.928638867  -11.049018782
    0.588711231    4.860693848  -26.002824858
    0.592230769    4.770364964  -24.132459476
    0.595750308    4.718046090   -3.643163753
    0.599269846    4.767527469   31.675699968
    0.602789385    4.960304369   77.223433860
    0.606308923    5.318452234  124.294406117
    0.609828462    5.830642623  162.588367095
    0.613348000    6.447411444  182.290458012
    0.616867538    7.089709211  176.593274805
    0.620387077    7.670384237  148.757657024
    0.623906615    8.136248370  114.506981885
    0.627426154    8.501698777   95.936586153
    0.630945692    8.857968376  111.994064368
    0.634465231    9.340903955  166.778503345
    0.637984769   10.071282617  248.912282505
    0.641504308   11.103297212  333.831931799
    0.645023846   12.399068518  395.681745739
    0.648543385   13.850555512  420.867368277
    0.652062923   15.337149425  418.785984931
    0.655582462   16.803181612  414.459913274
    0.659102000   18.289641856  433.267100319
    0.662621538   19.898193343  483.990233064
    0.666141077   21.719613933  549.186829796
    0.669660615   23.758100193  603.988830102
    0.673180154   25.946390576  633.086329103
    0.676699692   28.202689892  646.460359896
    0.680219231   30.510226146  666.092021617
    0.683738769   32.921960622  705.472614218
    0.687258308   35.495745190  754.972298272
    0.690777846   38.218288103  784.359069648
    0.694297385   40.964972205  765.533704481
    0.697816923   43.542675554  688.744593757
    0.701336462   45.766380763  567.173040343
    0.704856000   47.523939853  430.008779347
    0.708375538   48.814187124  306.318152436
    0.711895077   49.724787572  216.754786975
    0.715414615   50.389212815  165.009250268
    0.718934154   50.923142118  140.995491645
    0.722453692   51.394239444  125.958696610
    0.725973231   51.809012126  107.513169397
    0.729492769   52.146989343   82.613969270
    0.733012308   52.390829468   56.051204491
    0.736531846   52.546135175   32.906288967
    0.740051385   52.632086468   16.688914453
    0.743570923   52.672958503    7.484323751
    0.747090462   52.690219100    2.919567182
    0.750610000   52.696578640    0.993909830
