#! FIELDS dist file.free der_dist
#! SET min_dist 0.201562
#! SET max_dist 0.75061
#! SET nbins_dist  157
#! SET periodic_dist false
    0.201562000   49.877539619   -0.284895335
    0.205081538   49.873684574   -1.742897754
    0.208601077   49.860056388   -6.422539239
    0.212120615   49.816753387  -19.832168643
    0.215640154   49.694971052  -53.435028243
    0.219159692   49.392087037 -126.742052132
    0.222679231   48.723792615 -265.899884093
    0.226198769   47.411738155 -495.514242164
    0.229718308   45.119589214 -821.312278081
    0.233237846   41.549510075 -1213.118822710
    0.236757385   36.583627934 -1599.590307869
    0.240276923   30.407806291 -1884.527115986
    0.243796462   23.537117380 -1983.182668457
    0.247316000   16.711200122 -1858.411236391
    0.250835538   10.682812636 -1540.053576088
    0.254355077    5.996444275 -1113.322038618
    0.257874615    2.845387671 -685.063495454
    0.261394154    1.069953366 -342.581188801
    0.264913692    0.282668889 -125.891144372
    0.268433231    0.044106036  -25.930596808
    0.271952769    0.009164676   -1.903175665
    0.275472308    0.000000000   -3.189293308
    0.278991846    0.005335964   12.348392303
    0.282511385    0.132585135   66.243370308
    0.286030923    0.514511322  153.209445357
    0.289550462    1.219479033  243.506662576
    0.293070000    2.196529170  302.050077042
    0.296589538    3.295360729  311.998777568
    0.300109077    4.350364954  280.541629462
    0.303628615    5.255957838  232.352100883
    0.307148154    6.001769074  192.341463336
    0.310667692    6.648721115  178.550628724
    0.314187231    7.299380927  193.910785093
    0.317706769    8.038116523  224.020087269
    0.321226308    8.871708466  244.131877753
    0.324745846    9.720661691  228.869637040
    0.328265385   10.449173161  179.195878296
    0.331784923   10.974907586  119.103059098
    0.335304462   11.323617637   84.535571694
    0.338824000   11.625868732   92.233526137
    0.342343538   12.011577255  126.135346407
    0.345863077   12.503787853  146.272754224
    0.349382615   12.986941933  117.081431343
    0.352902154   13.271419359   36.464552615
    0.356421692   13.227779930  -61.195933565
    0.359941231   12.880863773 -128.691365153
    0.363460769   12.400144623 -135.509066152
    0.366980308   11.994812433  -89.593091249
    0.370499846   11.792931360  -26.216458047
    0.374019385   11.789531016   16.664404449
    0.377538923   11.873052166   23.908278695
    0.381058462   11.925313000    0.825552407
    0.384578000   11.874593070  -31.046731696
    0.388097538   11.720597459  -55.251153020
    0.391617077   11.500683141  -69.781212322
    0.395136615   11.235286815  -82.251419575
    0.398656154   10.916359072 -100.602924416
    0.402175692   10.526514470 -122.254679774
    0.405695231   10.066255036 -140.156830692
    0.409214769    9.556821251 -148.895692874
    0.412734308    9.028530662 -151.227994174
    0.416253846    8.501771553 -149.641979468
    0.419773385    7.988040423 -143.443139052
    0.423292923    7.502844029 -131.976048662
    0.426812462    7.063139036 -119.326101094
    0.430332000    6.669876501 -106.337777775
    0.433851538    6.321774468  -92.369998379
    0.437371077    6.023773871  -77.056896552
    0.440890615    5.780052192  -64.193023244
    0.444410154    5.567344393  -59.670559248
    0.447929692    5.349902329  -67.719776484
    0.451449231    5.091369475  -80.608104067
    0.454968769    4.795973916  -85.999825178
    0.458488308    4.507820984  -75.950379774
    0.462007846    4.278238192  -55.404645024
    0.465527385    4.125099362  -34.512975357
    0.469046923    4.031442482  -21.312716272
    0.472566462    3.970272695  -15.045970423
    0.476086000    3.925368184  -12.066425547
    0.479605538    3.887470145  -11.605385837
    0.483125077    3.843421793  -16.220370277
    0.486644615    3.775744514  -24.747981890
    0.490164154    3.680314665  -29.543657877
    0.493683692    3.583557092  -25.246211908
    0.497203231    3.516482741  -14.335171676
    0.500722769    3.483347366   -8.482057690
    0.504242308    3.446752213  -15.629396449
    0.507761846    3.366239192  -32.378782426
    0.511281385    3.233154557  -41.460047679
    0.514800923    3.101975475  -31.679843537
    0.518320462    3.034062197   -8.368104737
    0.521840000    3.045001353   11.072662575
    0.525359538    3.092622834   10.945934555
    0.528879077    3.110591740   -3.482248416
    0.532398615    3.080551308  -13.368843703
    0.535918154    3.048413893   -2.019978676
    0.539437692    3.096134031   29.633281516
    0.542957231    3.268009651   64.427423316
    0.546476769    3.530613014   78.660924906
    0.549996308    3.784204792   58.437201385
    0.553515846    3.915258787   12.291039991
    0.557035385    3.878857367  -32.230051383
    0.560554923    3.732387748  -46.257986024
    0.564074462    3.604106259  -22.201454627
    0.567594000    3.605885238   22.734639426
    0.571113538    3.763644104   62.223325699
    0.574633077    4.020273387   76.931434474
    0.578152615    4.281801969   66.333684528
    0.581672154    4.477410397   42.033749706
    0.585191692    4.582819505   15.945121951
    0.588711231    4.607689113   -1.068334575
    0.592230769    4.594009023   -6.106918958
    0.595750308    4.587557007    4.114376026
    0.599269846    4.643809899   27.903218652
    0.602789385    4.804710291   63.379163018
    0.606308923    5.101871472  104.427400331
    0.609828462    5.541292748  142.089562800
    0.613348000    6.092599737  166.424417478
    0.616867538    6.692349861  168.672791061
    0.620387077    7.260451125  149.507441900
    0.623906615    7.742020009  122.382079344
    0.627426154    8.143491209  108.014098755
    0.630945692    8.544492803  124.876706212
    0.634465231    9.068020767  176.285301818
    0.637984769    9.818777386  250.241728960
    0.641504308   10.834153942  322.555869062
    0.645023846   12.064930197  370.291964198
    0.648543385   13.407241883  385.440333788
    0.652062923   14.764528504  382.735908768
    0.655582462   16.118830227  388.728784925
    0.659102000   17.544379161  425.156390373
    0.662621538   19.156541376  493.612618636
    0.666141077   21.033960221  570.070757184
    0.669660615   23.151507468  626.539312986
    0.673180154   25.409270662  648.895547384
    0.676699692   27.701340560  650.635622211
    0.680219231   30.000706093  657.376824978
    0.683738769   32.360391973  685.144753498
    0.687258308   34.844788287  724.997322161
    0.690777846   37.448683774  747.624962752
    0.694297385   40.061111942  727.200537276
    0.697816923   42.512752160  657.044826835
    0.701336462   44.649197683  550.330443459
    0.704856000   46.377359787  429.634183230
    0.708375538   47.681725133  312.354698315
    0.711895077   48.597445397  210.372887473
    0.715414615   49.191716272  129.589359206
    0.718934154   49.541714803   72.827323807
    0.722453692   49.729905371   36.389407822
    0.725973231   49.820091096   15.972371854
    0.729492769   49.858124145    6.123992363
    0.733012308   49.871762398    2.199052288
    0.736531846   49.876396099    0.690537796
    0.740051385   49.878239668   -0.000000000
    0.743570923   49.878239668   -0.000000000
    0.747090462   49.878239668   -0.000000000
    0.750610000   49.878239668   -0.000000000
