#! FIELDS dist file.free der_dist
#! SET min_dist 0.201562
#! SET max_dist 0.75061
#! SET nbins_dist  157
#! SET periodic_dist false
    0.201562000   55.508323824   -0.836307575
    0.205081538   55.500235064   -3.724750644
    0.208601077   55.473712060  -12.294051810
    0.212120615   55.395498865  -34.988060508
    0.215640154   55.190173555  -87.825505569
    0.219159692   54.710832047 -195.435114072
    0.222679231   53.714432765 -386.427639329
    0.226198769   51.866411895 -680.735241364
    0.229718308   48.808101226 -1069.345676364
    0.233237846   44.286351251 -1499.852160196
    0.236757385   38.306007273 -1880.814251550
    0.240276923   31.224331542 -2110.262324483
    0.243796462   23.712169857 -2118.306159630
    0.247316000   16.582195725 -1898.004727675
    0.250835538   10.548111875 -1509.925658529
    0.254355077    6.028829621 -1055.804121366
    0.257874615    3.069069030 -639.087298393
    0.261394154    1.400994280 -329.101096012
    0.264913692    0.601896606 -144.388799635
    0.268433231    0.263431425  -60.866550519
    0.271952769    0.105705178  -33.659301280
    0.275472308    0.011772548  -18.112869361
    0.278991846    0.000000000   16.433389057
    0.282511385    0.164927257   81.382001156
    0.286030923    0.600776452  166.117265186
    0.289550462    1.331291276  243.697873722
    0.293070000    2.281239080  286.505463256
    0.296589538    3.303695398  285.321978863
    0.300109077    4.257102070  250.579609056
    0.303628615    5.061118851  205.091299403
    0.307148154    5.718558042  169.066111014
    0.310667692    6.287403942  156.626986473
    0.314187231    6.858096107  169.684012903
    0.317706769    7.505467599  196.293237336
    0.321226308    8.239963547  216.339194931
    0.324745846    9.002533936  208.900924167
    0.328265385    9.687825329  175.613496239
    0.331784923   10.236316314  135.378866564
    0.335304462   10.671015228  115.334633692
    0.338824000   11.090193585  125.313719028
    0.342343538   11.578616391  149.713113412
    0.345863077   12.130432877  156.764678983
    0.349382615   12.637845282  122.242291164
    0.352902154   12.953116088   51.188233847
    0.356421692   12.998014623  -24.539605505
    0.359941231   12.823718538  -68.111769752
    0.363460769   12.584435077  -61.682069800
    0.366980308   12.437894104  -19.525699203
    0.370499846   12.453868717   25.359493840
    0.374019385   12.589203362   43.277357693
    0.377538923   12.724197375   27.030564239
    0.381058462   12.753769922  -14.368759642
    0.384578000   12.625281426  -59.481972371
    0.388097538   12.355315028  -92.009885461
    0.391617077   12.001065930 -108.159852462
    0.395136615   11.611942931 -112.682225553
    0.398656154   11.216221872 -112.609361021
    0.402175692   10.827164552 -109.589043401
    0.405695231   10.453196704 -105.105598745
    0.409214769   10.092120185 -101.914586619
    0.412734308    9.730638670 -105.677120496
    0.416253846    9.346891813 -115.161978439
    0.419773385    8.930463415 -122.698179323
    0.423292923    8.497585513 -122.549290379
    0.426812462    8.075777557 -118.519788362
    0.430332000    7.670932744 -114.097543970
    0.433851538    7.278158155 -110.266027682
    0.437371077    6.900012514 -104.507092116
    0.440890615    6.551065879  -95.424924425
    0.444410154    6.235530009  -85.494487211
    0.447929692    5.949544649  -80.115250759
    0.451449231    5.675687308  -77.289052674
    0.454968769    5.414185785  -71.287436004
    0.458488308    5.186422701  -57.878276003
    0.462007846    5.015695461  -41.096352111
    0.465527385    4.900973789  -27.370032916
    0.469046923    4.820583606  -20.854530387
    0.472566462    4.753327746  -18.508032198
    0.476086000    4.693771652  -16.675759287
    0.479605538    4.640838228  -15.472472460
    0.483125077    4.585436425  -19.140421191
    0.486644615    4.507554747  -28.198312379
    0.490164154    4.395413781  -36.338608468
    0.493683692    4.264851711  -38.261442180
    0.497203231    4.139444050  -34.491794421
    0.500722769    4.026032521  -33.380026220
    0.504242308    3.901816657  -39.530519187
    0.507761846    3.749220921  -48.548034235
    0.511281385    3.580073815  -45.479754067
    0.514800923    3.457147148  -23.489367676
    0.518320462    3.434689495    8.289379611
    0.521840000    3.511499476   30.746132153
    0.525359538    3.626299690   28.431580340
    0.528879077    3.695421831    7.212217556
    0.532398615    3.684319726  -14.302313971
    0.535918154    3.622205853  -18.871253944
    0.539437692    3.579873934   -4.705449421
    0.542957231    3.605611888   16.914612565
    0.546476769    3.693490673   28.966694359
    0.549996308    3.789955758   21.114516125
    0.553515846    3.830092049   -0.910768820
    0.557035385    3.796258910  -18.088903447
    0.560554923    3.738737163  -11.877971894
    0.564074462    3.747464041   18.623974136
    0.567594000    3.883655374   56.027700047
    0.571113538    4.132125045   79.573113640
    0.574633077    4.419590496   77.381038946
    0.578152615    4.660104157   54.963171796
    0.581672154    4.805772720   26.061133837
    0.585191692    4.855896048    1.102501679
    0.588711231    4.834913976  -12.321184677
    0.592230769    4.788154065  -14.117474072
    0.595750308    4.757655655   -2.016003423
    0.599269846    4.794953441   22.998167060
    0.602789385    4.941543383   60.185126028
    0.606308923    5.232545748  104.131815515
    0.609828462    5.677876268  145.797014812
    0.613348000    6.250072485  174.376250006
    0.616867538    6.885436575  180.823728699
    0.620387077    7.503665749  165.623473203
    0.623906615    8.048845331  142.047768041
    0.627426154    8.523697479  129.461258510
    0.630945692    8.998169856  144.026310515
    0.634465231    9.578312780  188.461777070
    0.637984769   10.356158760  253.439771862
    0.641504308   11.372174693  320.750706253
    0.645023846   12.601312389  372.770838668
    0.648543385   13.974354877  401.451919070
    0.652062923   15.417750814  415.244870677
    0.655582462   16.908055726  431.523629388
    0.659102000   18.483772059  464.965235132
    0.662621538   20.208413751  515.322593029
    0.666141077   22.113754748  562.664456206
    0.669660615   24.148404122  586.770924414
    0.673180154   26.217057512  582.853872477
    0.676699692   28.251317432  572.964182567
    0.680219231   30.285844097  587.910403164
    0.683738769   32.444554976  642.946113049
    0.687258308   34.849311882  723.178018919
    0.690777846   37.525122534  789.926515553
    0.694297385   40.358356927  808.721104666
    0.697816923   43.151793659  767.642962948
    0.701336462   45.712322283  678.904962713
    0.704856000   47.912121496  567.861243453
    0.708375538   49.714801401  456.733449979
    0.711895077   51.149901042  361.161878872
    0.715414615   52.285947532  286.153429802
    0.718934154   53.190422198  229.576971618
    0.722453692   53.915539747  182.401469383
    0.725973231   54.482401790  138.846721804
    0.729492769   54.900038844   97.742510344
    0.733012308   55.180246959   62.422915839
    0.736531846   55.349982315   35.288160890
    0.740051385   55.441036638   17.468105981
    0.743570923   55.484052814    7.484323751
    0.747090462   55.501313411    2.919567182
    0.750610000   55.507672951    0.993909830
