#! FIELDS dist file.free der_dist
#! SET min_dist 0.201562
#! SET max_dist 0.75061
#! SET nbins_dist  157
#! SET periodic_dist false
    0.201562000   26.388498768   -0.000000000
    0.205081538   26.388134629   -0.143520182
    0.208601077   26.386928877   -0.572158498
    0.212120615   26.382510155   -2.030349934
    0.215640154   26.368597657   -6.224979979
    0.219159692   26.330282721  -16.653781368
    0.222679231   26.235572898  -39.681934504
    0.226198769   26.023326773  -85.405501696
    0.229718308   25.591615050 -166.689206532
    0.233237846   24.792898369 -295.562851663
    0.236757385   23.449311012 -475.691649227
    0.240276923   21.399879779 -692.452951721
    0.243796462   18.575461867 -907.579017295
    0.247316000   15.079459131 -1064.040484835
    0.250835538   11.218208851 -1107.397774522
    0.254355077    7.447923413 -1011.833678213
    0.257874615    4.236597464 -797.110100034
    0.261394154    1.907361026 -522.306789509
    0.264913692    0.544890300 -259.140480230
    0.268433231    0.002833275  -62.684342692
    0.271952769    0.000000000   47.276988582
    0.275472308    0.253542359   88.441431778
    0.278991846    0.588730928  101.560921227
    0.282511385    0.982340381  126.508435547
    0.286030923    1.510607124  177.219485766
    0.289550462    2.239566876  235.487552102
    0.293070000    3.140329745  268.850066640
    0.296589538    4.087335509  261.950643775
    0.300109077    4.954271066  227.542493810
    0.303628615    5.698643550  197.939706616
    0.307148154    6.387048104  197.539067384
    0.310667692    7.132264634  228.724601612
    0.314187231    8.013780307  270.745223963
    0.317706769    9.017427547  292.377429516
    0.321226308   10.025258328  271.964375913
    0.324745846   10.885318622  210.111379721
    0.328265385   11.499259848  140.114355138
    0.331784923   11.914579142  103.471763363
    0.335304462   12.298900345  123.873439768
    0.338824000   12.836138031  183.917888416
    0.342343538   13.585771229  234.681441184
    0.345863077   14.427629135  231.643179396
    0.349382615   15.141667197  164.028190562
    0.352902154   15.545268212   63.196457413
    0.356421692   15.607603414  -21.943050849
    0.359941231   15.452670261  -57.186893417
    0.363460769   15.266922943  -42.600773143
    0.366980308   15.174335371  -10.968391030
    0.370499846   15.162733900   -2.165222061
    0.374019385   15.107306950  -37.356341128
    0.377538923   14.865411247 -103.037042101
    0.381058462   14.390807503 -163.232089526
    0.384578000   13.769864010 -180.928588848
    0.388097538   13.179932380 -146.482533697
    0.391617077   12.775461444  -81.651960660
    0.395136615   12.598414585  -22.993905968
    0.398656154   12.576762212    5.519856504
    0.402175692   12.605021031    7.513201751
    0.405695231   12.626784756    5.308840462
    0.409214769   12.661891995   17.187995523
    0.412734308   12.759056103   38.125100519
    0.416253846   12.914386168   44.289613340
    0.419773385   13.026675713   11.223186709
    0.423292923   12.935750406  -70.098032149
    0.426812462   12.497175467 -182.186692958
    0.430332000   11.668374177 -284.645029588
    0.433851538   10.558388070 -334.693981978
    0.437371077    9.401816918 -309.599363948
    0.440890615    8.459502485 -217.751617753
    0.444410154    7.907513237  -94.653775273
    0.447929692    7.780225648   16.027936669
    0.451449231    7.974346245   85.447158681
    0.454968769    8.326216220  106.474232894
    0.458488308    8.679185374   88.844367053
    0.462007846    8.923577675   46.874136270
    0.465527385    8.998412001   -6.035330626
    0.469046923    8.884408337  -57.778106093
    0.472566462    8.607268790  -96.400857351
    0.476086000    8.231377211 -113.895113017
    0.479605538    7.833425893 -109.888248254
    0.483125077    7.475812063  -93.261947075
    0.486644615    7.185268262  -72.834129605
    0.490164154    6.967690552  -51.209439366
    0.493683692    6.828585895  -28.257010176
    0.497203231    6.767345333   -8.538774114
    0.500722769    6.752508177   -4.339959652
    0.504242308    6.710586397  -23.556715968
    0.507761846    6.568541714  -58.939959200
    0.511281385    6.308407024  -85.136208386
    0.514800923    6.009987155  -78.715050240
    0.518320462    5.801770010  -35.717004677
    0.521840000    5.783607820   25.522416818
    0.525359538    5.971757345   76.870509191
    0.528879077    6.296973989  102.487242478
    0.532398615    6.667403734  103.320097080
    0.535918154    7.014824598   93.039140575
    0.539437692    7.324608909   82.250937422
    0.542957231    7.599012274   71.763139396
    0.546476769    7.820700736   51.391556300
    0.549996308    7.939509078   13.010840878
    0.553515846    7.902784326  -33.922774310
    0.557035385    7.725056679  -62.895981573
    0.560554923    7.516399656  -48.497441624
    0.564074462    7.437392846    8.739130594
    0.567594000    7.597985525   80.828901208
    0.571113538    7.984523893  131.884424836
    0.574633077    8.476733294  139.288400657
    0.578152615    8.918933056  105.902040516
    0.581672154    9.200474398   51.825690837
    0.585191692    9.287853514   -2.317911348
    0.588711231    9.203853867  -43.143639721
    0.592230769    9.001326363  -70.735292027
    0.595750308    8.719820364  -87.823590159
    0.599269846    8.393236205  -97.451713522
    0.602789385    8.053533611  -93.754426766
    0.606308923    7.763200895  -67.101202509
    0.609828462    7.618529815  -10.790787322
    0.613348000    7.720880918   71.764714107
    0.616867538    8.137370626  163.964650138
    0.620387077    8.865423483  245.341398559
    0.623906615    9.835656537  300.145039801
    0.627426154   10.943209645  323.223781424
    0.630945692   12.083099049  320.863849038
    0.634465231   13.183641007  302.268494518
    0.637984769   14.204877323  276.302405881
    0.641504308   15.129626562  248.716987477
    0.645023846   15.958776134  222.618245955
    0.648543385   16.709989459  205.474513264
    0.652062923   17.434626996  209.603205152
    0.655582462   18.224710950  243.555060035
    0.659102000   19.181041715  300.864901932
    0.662621538   20.346924672  358.692983683
    0.666141077   21.670986285  385.610852312
    0.669660615   23.006558789  364.726532234
    0.673180154   24.188205686  300.234480465
    0.676699692   25.098341316  215.353477478
    0.680219231   25.710383272  134.680264650
    0.683738769   26.070680366   73.361980711
    0.687258308   26.255836935   34.968734140
    0.690777846   26.339304614   14.600137105
    0.694297385   26.372196448    5.393708970
    0.697816923   26.384399712    1.469350097
    0.701336462   26.388498768   -0.000000000
    0.704856000   26.388498768   -0.000000000
    0.708375538   26.388498768   -0.000000000
    0.711895077   26.388498768   -0.000000000
    0.715414615   26.388498768   -0.000000000
    0.718934154   26.388498768   -0.000000000
    0.722453692   26.388498768   -0.000000000
    0.725973231   26.388498768   -0.000000000
    0.729492769   26.388498768   -0.000000000
    0.733012308   26.388498768   -0.000000000
    0.736531846   26.388498768   -0.000000000
    0.740051385   26.388498768   -0.000000000
    0.743570923   26.388498768   -0.000000000
    0.747090462   26.388498768   -0.000000000
    0.750610000   26.388498768   -0.000000000
