#! FIELDS dist file.free der_dist
#! SET min_dist 0.201562
#! SET max_dist 0.75061
#! SET nbins_dist  157
#! SET periodic_dist false
    0.201562000   59.141344219   -1.155000236
    0.205081538   59.130647645   -4.917909980
    0.208601077   59.096363722  -15.818141918
    0.212120615   58.997172825  -44.112438080
    0.215640154   58.741239683 -108.777805062
    0.219159692   58.153281703 -238.122192921
    0.222679231   56.950080620 -463.376321372
    0.226198769   54.753849298 -802.971785668
    0.229718308   51.180048796 -1239.251979140
    0.233237846   45.993087250 -1704.201739369
    0.236757385   39.275160918 -2089.396396065
    0.240276923   31.509053767 -2284.143826451
    0.243796462   23.495087209 -2225.728894354
    0.247316000   16.122297457 -1929.161067092
    0.250835538   10.092233832 -1480.964307499
    0.254355077    5.733939853 -999.106956039
    0.257874615    2.974324102 -586.439459548
    0.261394154    1.455240337 -298.609127204
    0.264913692    0.720030683 -137.662189818
    0.268433231    0.375555498  -69.116836130
    0.271952769    0.178158283  -46.386146188
    0.275472308    0.042007141  -28.677515367
    0.278991846    0.000000000    9.804085881
    0.282511385    0.147384113   77.470853708
    0.286030923    0.572097182  163.052431036
    0.289550462    1.291401592  239.911743887
    0.293070000    2.225043031  280.731382130
    0.296589538    3.222269656  276.594953845
    0.300109077    4.139573533  238.762580510
    0.303628615    4.898415985  191.534476373
    0.307148154    5.509575145  156.858079861
    0.310667692    6.044548754  150.263403671
    0.314187231    6.610234475  173.745063441
    0.317706769    7.294756754  213.372121258
    0.321226308    8.110907516  244.881437297
    0.324745846    8.985735037  242.612316257
    0.328265385    9.785762510  205.455009143
    0.331784923   10.421022014  153.845030557
    0.335304462   10.896880369  120.243954259
    0.338824000   11.314826006  120.671880597
    0.342343538   11.781057572  142.995074994
    0.345863077   12.316595447  155.082929146
    0.349382615   12.833696717  129.576053744
    0.352902154   13.190883142   67.101857829
    0.356421692   13.300905811   -4.597349195
    0.359941231   13.193381739  -51.694396974
    0.363460769   12.993782584  -57.022338544
    0.366980308   12.833541482  -32.763138174
    0.370499846   12.768579284   -7.177784753
    0.374019385   12.761335320   -4.001702031
    0.377538923   12.717758995  -25.437561006
    0.381058462   12.570436534  -60.774397386
    0.384578000   12.302819020  -91.316183137
    0.388097538   11.950879684 -107.141452381
    0.391617077   11.566470086 -111.609289743
    0.395136615   11.172676886 -113.591801134
    0.398656154   10.765964748 -118.975255068
    0.402175692   10.340543369 -123.821711128
    0.405695231    9.908252262 -122.898941450
    0.409214769    9.489645792 -115.569372647
    0.412734308    9.097497693 -108.854723286
    0.416253846    8.724313895 -106.237319072
    0.419773385    8.356412933 -105.065924651
    0.423292923    7.992619437 -102.061101516
    0.426812462    7.639910910 -100.725392644
    0.430332000    7.287995291 -102.256384904
    0.433851538    6.925010738 -105.286531711
    0.437371077    6.553888681 -105.315154563
    0.440890615    6.194890904 -100.080933671
    0.444410154    5.859092640  -92.353090660
    0.447929692    5.546005637  -88.903330363
    0.451449231    5.236079841  -89.517174800
    0.454968769    4.922529468  -89.120838766
    0.458488308    4.620877597  -82.086861523
    0.462007846    4.356432900  -69.668256927
    0.465527385    4.140536889  -55.420967046
    0.469046923    3.971277435  -42.456716785
    0.472566462    3.846607652  -29.231597673
    0.476086000    3.770516857  -15.731032118
    0.479605538    3.737061173   -6.316008621
    0.483125077    3.719701347   -7.900367259
    0.486644615    3.677000720  -20.255508182
    0.490164154    3.584069220  -33.335474971
    0.493683692    3.459465080  -37.222192644
    0.497203231    3.342648007  -29.829480988
    0.500722769    3.259112427  -20.755956734
    0.504242308    3.194211643  -19.033717958
    0.507761846    3.121119847  -25.156878502
    0.511281385    3.028982291  -26.467950924
    0.514800923    2.957039955  -14.212046501
    0.518320462    2.949063662    7.449947850
    0.521840000    3.011481371   24.233271143
    0.525359538    3.102595984   22.259007222
    0.528879077    3.157156263    5.338360281
    0.532398615    3.148730562  -11.097917901
    0.535918154    3.106144201  -11.235456427
    0.539437692    3.099024416    7.722745377
    0.542957231    3.179600628   35.782716410
    0.546476769    3.347443005   55.386458809
    0.549996308    3.548036597   52.980876854
    0.553515846    3.702048308   30.582276504
    0.557035385    3.766945045    5.098264096
    0.560554923    3.766598919   -3.450232705
    0.564074462    3.775604104   10.319364232
    0.567594000    3.858184666   34.767476360
    0.571113538    4.020850863   53.476959137
    0.574633077    4.222321350   56.067805081
    0.578152615    4.408240183   46.106462467
    0.581672154    4.550685139   33.035721429
    0.585191692    4.651060818   21.716118986
    0.588711231    4.716842228   14.742789765
    0.592230769    4.762420348    9.468332665
    0.595750308    4.794760948    8.594817304
    0.599269846    4.836809992   14.257767271
    0.602789385    4.915096450   30.089382260
    0.606308923    5.065870741   55.262892039
    0.609828462    5.316002257   85.151155224
    0.613348000    5.669405328  112.542722367
    0.616867538    6.103492584  130.144682652
    0.620387077    6.579084461  136.451126141
    0.623906615    7.067407147  138.885503506
    0.627426154    7.573520485  149.106830006
    0.630945692    8.144220544  177.048799154
    0.634465231    8.847357197  223.558675503
    0.637984769    9.739603264  282.298254333
    0.641504308   10.841596352  340.623768314
    0.645023846   12.127072333  385.323747732
    0.648543385   13.535401058  409.147262691
    0.652062923   14.998242178  418.196536334
    0.655582462   16.486846402  426.812513498
    0.659102000   18.026982672  448.790694018
    0.662621538   19.671658808  485.815646312
    0.666141077   21.450896507  520.568088045
    0.669660615   23.318504962  534.056670391
    0.673180154   25.186059998  521.440836762
    0.676699692   26.992409713  505.263231169
    0.680219231   28.784814136  519.110345348
    0.683738769   30.713302369  582.740129708
    0.687258308   32.942417049  686.113421019
    0.690777846   35.554666178  793.845938489
    0.694297385   38.500399833  871.083459929
    0.697816923   41.634509586  899.638275961
    0.701336462   44.780719853  877.658437955
    0.704856000   47.769862861  812.651364058
    0.708375538   50.466268178  713.329912172
    0.711895077   52.771921968  593.678737642
    0.715414615   54.645372657  469.580179638
    0.718934154   56.095496441  356.190849268
    0.722453692   57.175028699  258.972671284
    0.725973231   57.944161919  179.468290948
    0.729492769   58.463267807  116.684380304
    0.733012308   58.788410311   70.147380529
    0.736531846   58.975794672   37.962752021
    0.740051385   59.072816366   18.227587716
    0.743570923   59.117939510    7.484323751
    0.747090462   59.135200107    2.919567182
    0.750610000   59.141559647    0.993909830
