#! FIELDS dist file.free der_dist
#! SET min_dist 0.201562
#! SET max_dist 0.75061
#! SET nbins_dist  157
#! SET periodic_dist false
    0.201562000   44.076189463   -0.067739624
    0.205081538   44.074149626   -0.864347811
    0.208601077   44.066781047   -3.479594404
    0.212120615   44.042143818  -11.404696475
    0.215640154   43.969649659  -32.291141523
    0.219159692   43.781352209  -80.188104912
    0.222679231   43.347532418 -175.946841823
    0.226198769   42.456958144 -343.254076844
    0.229718308   40.827762848 -596.545254244
    0.233237846   38.165901166 -925.596315141
    0.236757385   34.274362483 -1284.534882088
    0.240276923   29.178682679 -1595.364111904
    0.243796462   23.201871916 -1771.701123232
    0.247316000   16.937851645 -1752.386522008
    0.250835538   11.103670290 -1531.532628397
    0.254355077    6.328346593 -1164.629223955
    0.257874615    2.962605562 -748.104451252
    0.261394154    1.003109977 -379.605823635
    0.264913692    0.157508692 -121.519242824
    0.268433231    0.000000000   13.144937237
    0.271952769    0.135628998   52.169315542
    0.275472308    0.311542536   44.757912787
    0.278991846    0.453082295   40.268349980
    0.282511385    0.635835883   70.646477198
    0.286030923    0.995652324  137.542237636
    0.289550462    1.618851952  213.979431829
    0.293070000    2.474334418  263.391448423
    0.296589538    3.425415705  267.448126170
    0.300109077    4.319727583  235.081839776
    0.303628615    5.076254566  194.994533795
    0.307148154    5.721835058  174.807307902
    0.310667692    6.354396429  188.738229621
    0.314187231    7.088208831  229.820454123
    0.317706769    7.979290250  271.878553260
    0.321226308    8.973261440  284.510984265
    0.324745846    9.927967571  247.405602818
    0.328265385   10.678593801  174.228145583
    0.331784923   11.158947245  100.647275608
    0.335304462   11.437135858   64.854882537
    0.338824000   11.677215865   76.854248961
    0.342343538   12.013906539  113.286359503
    0.345863077   12.461458201  134.054095997
    0.349382615   12.909376659  111.174811955
    0.352902154   13.202457544   49.694511716
    0.356421692   13.257579595  -16.788351126
    0.359941231   13.127529119  -50.033745679
    0.363460769   12.972799447  -30.938371337
    0.366980308   12.958128881   25.064247483
    0.370499846   13.149363800   79.560383099
    0.374019385   13.475040147   95.183072472
    0.377538923   13.765977656   61.724810426
    0.381058462   13.872694121   -5.428655629
    0.384578000   13.733100151  -72.555809919
    0.388097538   13.396785186 -113.581740074
    0.391617077   12.972785132 -124.024641857
    0.395136615   12.549142706 -115.645526870
    0.398656154   12.164170286 -103.840992724
    0.402175692   11.818356376  -94.189403880
    0.405695231   11.502172983  -87.883752022
    0.409214769   11.199610569  -86.157863229
    0.412734308   10.886240852  -94.197516970
    0.416253846   10.529861028 -111.024648666
    0.419773385   10.110556711 -127.851548090
    0.423292923    9.642016192 -137.061784252
    0.426812462    9.155462931 -139.761276270
    0.430332000    8.668193300 -138.801069080
    0.433851538    8.186487382 -135.270415730
    0.437371077    7.722049270 -127.885493296
    0.440890615    7.293743890 -116.644204361
    0.444410154    6.906151873 -104.864466912
    0.447929692    6.554255888  -97.878674859
    0.451449231    6.221429116  -92.291766916
    0.454968769    5.915239799  -80.624152237
    0.458488308    5.669722160  -57.682803676
    0.462007846    5.520309749  -28.505640174
    0.465527385    5.469957944   -3.742255593
    0.469046923    5.481215522    6.344345417
    0.472566462    5.496331950   -0.815561295
    0.476086000    5.461446876  -21.779631551
    0.479605538    5.339972956  -48.795355471
    0.483125077    5.126363315  -72.867038626
    0.486644615    4.849574248  -83.475102318
    0.490164154    4.569431851  -73.291946137
    0.493683692    4.356247052  -47.441907453
    0.497203231    4.240747522  -21.404482023
    0.500722769    4.190266155  -13.052879899
    0.504242308    4.127519112  -26.278717154
    0.507761846    3.999010533  -47.676230901
    0.511281385    3.817049652  -51.859904011
    0.514800923    3.673994682  -26.251613454
    0.518320462    3.662487937   19.107503255
    0.521840000    3.807442551   59.176125112
    0.525359538    4.049474419   71.726037876
    0.528879077    4.285947852   57.980447162
    0.532398615    4.454872355   36.427198770
    0.535918154    4.564077876   27.702337889
    0.539437692    4.675966155   36.697778769
    0.542957231    4.835682412   51.530086327
    0.546476769    5.025551095   51.594984533
    0.549996308    5.168274306   23.734991051
    0.553515846    5.173248673  -23.332519893
    0.557035385    5.018874285  -62.429143630
    0.560554923    4.783075862  -66.030736709
    0.564074462    4.606200285  -30.029735120
    0.567594000    4.597254993   23.815535367
    0.571113538    4.764857331   65.853935393
    0.574633077    5.029118871   77.155898927
    0.578152615    5.281299185   61.206400302
    0.581672154    5.452754487   34.560412369
    0.585191692    5.535946042   11.998581250
    0.588711231    5.559791523    2.899163285
    0.592230769    5.574020938    5.594324988
    0.595750308    5.614386772   18.032597105
    0.599269846    5.711502161   36.106482009
    0.602789385    5.880968442   59.556067234
    0.606308923    6.141219552   87.897631626
    0.609828462    6.506938871  118.407121437
    0.613348000    6.975220121  144.657834977
    0.616867538    7.513207427  156.450153043
    0.620387077    8.058620604  148.913193731
    0.623906615    8.553574068  129.905810394
    0.627426154    8.988241839  118.983413795
    0.630945692    9.430541526  137.797521539
    0.634465231   10.006459108  193.981379658
    0.637984769   10.832386685  275.791479334
    0.641504308   11.949849396  354.457956471
    0.645023846   13.292733516  400.620460084
    0.648543385   14.722707698  403.362355770
    0.652062923   16.107583356  379.812051928
    0.655582462   17.409882140  362.416689476
    0.659102000   18.705995753  378.918305156
    0.662621538   20.130394824  434.841278340
    0.666141077   21.793533357  509.409354920
    0.669660615   23.710498674  575.248229440
    0.673180154   25.815443299  614.091509734
    0.676699692   28.010188851  628.630749607
    0.680219231   30.231938241  632.061920379
    0.683738769   32.463771017  634.398257932
    0.687258308   34.697585655  631.843034993
    0.690777846   36.888355856  606.432948354
    0.694297385   38.925477702  543.432796648
    0.697816923   40.672048488  442.861205298
    0.701336462   42.024710138  322.648157262
    0.704856000   42.956841665  208.933990366
    0.708375538   43.527192253  119.366378673
    0.711895077   43.835331726   60.023132970
    0.715414615   43.983065445   26.131587830
    0.718934154   44.043704495   10.234396635
    0.722453692   44.066431155    3.435637697
    0.725973231   44.074247104    0.784073590
    0.729492769   44.076351830   -0.000000000
    0.733012308   44.076351830   -0.000000000
    0.736531846   44.076351830   -0.000000000
    0.740051385   44.076351830   -0.000000000
    0.743570923   44.076351830   -0.000000000
    0.747090462   44.076351830   -0.000000000
    0.750610000   44.076351830   -0.000000000
