#! FIELDS dist file.free der_dist
#! SET min_dist 0.201562
#! SET max_dist 0.75061
#! SET nbins_dist  157
#! SET periodic_dist false
    0.201562000   55.462378172   -0.689126276
    0.205081538   55.455257707   -3.271483863
    0.208601077   55.431489983  -11.074747601
    0.212120615   55.360124227  -32.131325693
    0.215640154   55.169610558  -82.020266488
    0.219159692   54.718014356 -185.267277312
    0.222679231   53.766267754 -371.233794094
    0.226198769   51.979166132 -661.713772825
    0.229718308   48.989535395 -1050.130048278
    0.233237846   44.528128014 -1485.683525103
    0.236757385   38.581664751 -1876.304400420
    0.240276923   31.495984528 -2116.972579647
    0.243796462   23.943445822 -2133.853736260
    0.247316000   16.750416509 -1917.359991242
    0.250835538   10.649287400 -1527.928245706
    0.254355077    6.074173613 -1069.195611912
    0.257874615    3.076911957 -647.046300274
    0.261394154    1.389214124 -332.531733234
    0.264913692    0.583745749 -144.845737002
    0.268433231    0.246750090  -59.779077392
    0.271952769    0.094058788  -32.008284468
    0.275472308    0.006107104  -16.418848722
    0.278991846    0.000000000   18.026548959
    0.282511385    0.170268196   82.841582834
    0.286030923    0.611171232  167.538536117
    0.289550462    1.346634642  245.073475714
    0.293070000    2.301087364  287.640181689
    0.296589538    3.326615298  285.861143306
    0.300109077    4.280346428  250.186297698
    0.303628615    5.081242605  203.745268038
    0.307148154    5.732890510  167.241295114
    0.310667692    6.295714441  155.188914606
    0.314187231    6.863341440  169.502862160
    0.317706769    7.513008077  197.796990081
    0.321226308    8.255533047  219.310255712
    0.324745846    9.030088828  212.582227254
    0.328265385    9.728227634  179.089356478
    0.331784923   10.287539309  137.973897467
    0.335304462   10.729437365  116.843492665
    0.338824000   11.152451964  126.087406708
    0.342343538   11.643486430  150.594235870
    0.345863077   12.200194684  158.858389849
    0.349382615   12.718604599  126.522607624
    0.352902154   13.053404045   57.979870844
    0.356421692   13.125774796  -15.923707890
    0.359941231   12.982771063  -59.257332987
    0.363460769   12.772313167  -54.452684381
    0.366980308   12.646191563  -15.309897222
    0.370499846   12.670813401   26.049279201
    0.374019385   12.802811913   40.809957466
    0.377538923   12.924935452   22.391435306
    0.381058462   12.936372683  -19.768541352
    0.384578000   12.790049279  -63.887473183
    0.388097538   12.508977278  -93.638344596
    0.391617077   12.155847579 -105.779287431
    0.395136615   11.782287914 -106.368555121
    0.398656154   11.413421559 -104.072401745
    0.402175692   11.054165192 -101.710861890
    0.405695231   10.702294547 -100.831754964
    0.409214769   10.346939645 -103.104390521
    0.412734308    9.971201086 -112.417880844
    0.416253846    9.555869443 -126.028269459
    0.419773385    9.097320017 -135.346057115
    0.423292923    8.620421102 -134.497704362
    0.426812462    8.160806629 -127.776721181
    0.430332000    7.730012550 -119.473935309
    0.433851538    7.325470469 -111.652946114
    0.437371077    6.948197110 -102.844549593
    0.440890615    6.608101322  -92.349315796
    0.444410154    6.303451395  -82.602843609
    0.447929692    6.025751832  -78.343801283
    0.451449231    5.755851974  -76.754100561
    0.454968769    5.494758034  -71.468704774
    0.458488308    5.266046975  -58.118481589
    0.462007846    5.095137591  -40.873930037
    0.465527385    4.982535302  -26.342788787
    0.469046923    4.907548880  -18.779495521
    0.472566462    4.849633065  -15.278597933
    0.476086000    4.803306363  -12.436815196
    0.479605538    4.766461742  -10.663430636
    0.483125077    4.728077905  -14.378805535
    0.486644615    4.665959911  -24.063602821
    0.490164154    4.566660534  -33.215512107
    0.493683692    4.445076041  -36.305858099
    0.497203231    4.324322469  -33.824692969
    0.500722769    4.210703190  -34.197864423
    0.504242308    4.080806090  -41.915238724
    0.507761846    3.917442323  -52.174535045
    0.511281385    3.734732175  -49.355167870
    0.514800923    3.599782147  -26.203858629
    0.518320462    3.571743745    8.006844982
    0.521840000    3.652770199   33.456650572
    0.525359538    3.782014908   33.808799282
    0.528879077    3.873425339   14.343925929
    0.532398615    3.888890207   -6.494384885
    0.535918154    3.854082699  -11.299571182
    0.539437692    3.836754588    1.788507710
    0.542957231    3.882110152   21.414613017
    0.546476769    3.980916333   30.575886085
    0.549996308    4.077315998   19.493208131
    0.553515846    4.107023127   -4.969325902
    0.557035385    4.057199141  -22.768716071
    0.560554923    3.985119430  -15.190131426
    0.564074462    3.986365861   17.741298092
    0.567594000    4.123345048   57.200901860
    0.571113538    4.377597035   81.423314156
    0.574633077    4.670638850   78.533531617
    0.578152615    4.912896647   54.790635729
    0.581672154    5.055984457   24.883368877
    0.585191692    5.101514676   -0.129690891
    0.588711231    5.077630730  -12.573893702
    0.592230769    5.032817881  -12.626004586
    0.595750308    5.010931065    1.376706530
    0.599269846    5.062944491   27.842127924
    0.602789385    5.227744690   65.482434178
    0.606308923    5.536238262  108.551353192
    0.609828462    5.993512134  147.957813622
    0.613348000    6.567573376  173.130069194
    0.616867538    7.191553785  175.601135719
    0.620387077    7.784614726  156.673082401
    0.623906615    8.293408956  130.618633984
    0.627426154    8.726483370  117.500408122
    0.630945692    9.160894631  133.533025527
    0.634465231    9.708761883  180.746711426
    0.637984769   10.464804094  248.717736747
    0.641504308   11.468459794  318.288474931
    0.645023846   12.691368633  371.565158934
    0.648543385   14.061354796  400.878852663
    0.652062923   15.503635057  415.209302065
    0.655582462   16.994898661  432.127165694
    0.659102000   18.573628807  466.034249427
    0.662621538   20.302327277  516.552379309
    0.666141077   22.212476897  564.311027987
    0.669660615   24.255584447  590.287421071
    0.673180154   26.343129365  590.429147269
    0.676699692   28.413433796  585.903708721
    0.680219231   30.501301626  604.747889687
    0.683738769   32.719577768  658.972917900
    0.687258308   35.170188068  732.227613670
    0.690777846   37.858590098  787.623173130
    0.694297385   40.662834110  794.926001026
    0.697816923   43.393062285  746.450173268
    0.701336462   45.874710746  656.252103987
    0.704856000   47.999726309  548.629970188
    0.708375538   49.744412425  443.163322058
    0.711895077   51.141625499  353.020251311
    0.715414615   52.256459116  281.954722297
    0.718934154   53.150670331  227.702142606
    0.722453692   53.871471806  181.673185586
    0.725973231   54.436750169  138.599811972
    0.729492769   54.853690973   97.742510344
    0.733012308   55.133899088   62.422915839
    0.736531846   55.303634444   35.288160890
    0.740051385   55.394688767   17.468105981
    0.743570923   55.437704943    7.484323751
    0.747090462   55.454965540    2.919567182
    0.750610000   55.461325080    0.993909830
