#! FIELDS dist file.free der_dist
#! SET min_dist 0.201562
#! SET max_dist 0.75061
#! SET nbins_dist  157
#! SET periodic_dist false
    0.201562000   36.982454668   -0.037668571
    0.205081538   36.981187815   -0.532582394
    0.208601077   36.976623356   -2.152703178
    0.212120615   36.961103511   -7.169576729
    0.215640154   36.914921709  -20.594746169
    0.219159692   36.793539973  -51.911731701
    0.222679231   36.509976201 -115.825378770
    0.226198769   35.916724899 -230.867543524
    0.229718308   34.805133309 -412.165627798
    0.233237846   32.933943639 -660.993744726
    0.236757385   30.097805031 -954.188005981
    0.240276923   26.223999763 -1240.124354739
    0.243796462   21.458257802 -1448.624060355
    0.247316000   16.196110728 -1513.110620627
    0.250835538   11.015634538 -1400.447304739
    0.254355077    6.524001941 -1129.793689401
    0.257874615    3.166942937 -770.333956661
    0.261394154    1.096543496 -413.599098180
    0.264913692    0.159760606 -136.114375726
    0.268433231    0.000000000   25.874049778
    0.271952769    0.214752287   81.589601379
    0.275472308    0.498655813   73.958234362
    0.278991846    0.724163437   57.523759447
    0.282511385    0.942494478   74.123157156
    0.286030923    1.297036568  132.605888970
    0.289550462    1.898489554  208.249594223
    0.293070000    2.740754928  262.696089560
    0.296589538    3.703222896  275.304942009
    0.300109077    4.641702536  252.429127482
    0.303628615    5.472685296  219.320139310
    0.307148154    6.204696632  197.840929783
    0.310667692    6.896097260  196.751576409
    0.314187231    7.608813481  207.973097149
    0.317706769    8.356327379  212.235235212
    0.321226308    9.079904573  193.073946245
    0.324745846    9.686064274  145.576642927
    0.328265385   10.103372178   92.030352236
    0.331784923   10.369882762   65.200549873
    0.335304462   10.627449946   89.380925281
    0.338824000   11.053047236  155.663944573
    0.342343538   11.731662604  224.534634975
    0.345863077   12.586195658  249.701479756
    0.349382615   13.411945129  207.307708182
    0.352902154   13.988091484  113.712688848
    0.356421692   14.207930809   13.465004192
    0.359941231   14.131803070  -48.385608196
    0.363460769   13.939334853  -53.046421442
    0.366980308   13.807083297  -19.523012357
    0.370499846   13.801193225   12.372103328
    0.374019385   13.854110595    8.631387490
    0.377538923   13.819568870  -34.394902249
    0.381058462   13.591077446  -97.290701527
    0.384578000   13.151968717 -149.466111559
    0.388097538   12.574799036 -173.855245975
    0.391617077   11.959388906 -173.357197975
    0.395136615   11.371403403 -159.800015746
    0.398656154   10.841116694 -140.873155995
    0.402175692   10.391325050 -113.562191272
    0.405695231   10.056230729  -77.140066210
    0.409214769    9.854948574  -38.996628318
    0.412734308    9.765399958  -15.945585433
    0.416253846    9.714954457  -18.673478774
    0.419773385    9.610705691  -44.754010613
    0.423292923    9.385039929  -85.021229892
    0.426812462    9.008399971 -129.818325191
    0.430332000    8.487147542 -165.544875148
    0.433851538    7.875979860 -176.987450899
    0.437371077    7.281101729 -155.325966123
    0.440890615    6.817954396 -106.055388867
    0.444410154    6.545462280  -50.977456513
    0.447929692    6.437823582  -17.101697619
    0.451449231    6.392347812  -15.191218071
    0.454968769    6.305718388  -36.784300412
    0.458488308    6.130409283  -62.208826300
    0.462007846    5.884457344  -76.116246296
    0.465527385    5.620306163  -73.024740719
    0.469046923    5.388922156  -57.759646578
    0.472566462    5.219427204  -38.749317754
    0.476086000    5.111534159  -24.757114872
    0.479605538    5.037550179  -20.049635720
    0.483125077    4.965996857  -22.718368379
    0.486644615    4.886124207  -23.243475626
    0.490164154    4.823350094  -10.668918002
    0.493683692    4.828827871   14.248461360
    0.497203231    4.925229399   37.215920304
    0.500722769    5.068922666   37.996111517
    0.504242308    5.160441953    9.065607720
    0.507761846    5.116484755  -35.852882952
    0.511281385    4.929970691  -65.787248568
    0.514800923    4.699722455  -60.192129788
    0.518320462    4.548444581  -24.225747493
    0.521840000    4.538303431   15.776312757
    0.525359538    4.634590958   32.780901648
    0.528879077    4.742473681   24.048273494
    0.532398615    4.799533486    7.069689207
    0.535918154    4.813380734    3.173202869
    0.539437692    4.847577855   17.218795317
    0.542957231    4.945381359   35.738128837
    0.546476769    5.083097419   37.752923559
    0.549996308    5.179575871   12.007462532
    0.553515846    5.150569112  -29.914739157
    0.557035385    4.988610381  -59.111242434
    0.560554923    4.787523075  -49.029153680
    0.564074462    4.695950935    1.588645385
    0.567594000    4.819847024   67.121368707
    0.571113538    5.150126491  113.910827860
    0.574633077    5.577238964  120.181490691
    0.578152615    5.957279059   89.810276657
    0.581672154    6.196486540   44.671282450
    0.585191692    6.287053176    7.574253722
    0.588711231    6.283344459   -6.059552974
    0.592230769    6.272326386    1.531767357
    0.595750308    6.311698924   21.267917447
    0.599269846    6.422892182   39.106658856
    0.602789385    6.582395420   48.689865754
    0.606308923    6.761843557   51.853891947
    0.609828462    6.952767310   56.296953868
    0.613348000    7.172285680   68.713733808
    0.616867538    7.448988655   87.970869550
    0.620387077    7.798977979  109.955627974
    0.623906615    8.230333355  134.388487002
    0.627426154    8.760977762  168.278626384
    0.630945692    9.439962856  220.321760826
    0.634465231   10.334132343  288.598250939
    0.637984769   11.478093230  358.121713343
    0.641504308   12.833236765  405.126631760
    0.645023846   14.285777128  412.394735306
    0.648543385   15.698440392  384.778717835
    0.652062923   16.993813321  352.087733934
    0.655582462   18.220138941  351.402546781
    0.659102000   19.535950439  403.333925211
    0.662621538   21.116809515  498.873371633
    0.666141077   23.059296824  601.404883156
    0.669660615   25.315734298  671.701482312
    0.673180154   27.723239915  684.189599850
    0.676699692   30.065210993  636.309246137
    0.680219231   32.149091699  540.819916441
    0.683738769   33.845427911  419.586953944
    0.687258308   35.104141472  296.401797706
    0.690777846   35.953274304  189.183216540
    0.694297385   36.469805040  108.523450248
    0.697816923   36.752282922   55.415325981
    0.701336462   36.890729665   24.740154076
    0.704856000   36.949490562    9.940018267
    0.708375538   36.972066016    3.474817272
    0.711895077   36.979782215    0.999212453
    0.715414615   36.982545097   -0.000000000
    0.718934154   36.982545097   -0.000000000
    0.722453692   36.982545097   -0.000000000
    0.725973231   36.982545097   -0.000000000
    0.729492769   36.982545097   -0.000000000
    0.733012308   36.982545097   -0.000000000
    0.736531846   36.982545097   -0.000000000
    0.740051385   36.982545097   -0.000000000
    0.743570923   36.982545097   -0.000000000
    0.747090462   36.982545097   -0.000000000
    0.750610000   36.982545097   -0.000000000
