#! FIELDS dist file.free der_dist
#! SET min_dist 0.201562
#! SET max_dist 0.75061
#! SET nbins_dist  157
#! SET periodic_dist false
    0.201562000   46.221265249   -0.183712936
    0.205081538   46.218316990   -1.307655033
    0.208601077   46.207979701   -4.880653102
    0.212120615   46.174669268  -15.285986216
    0.215640154   46.079888083  -41.724169939
    0.219159692   45.841497629 -100.205963607
    0.222679231   45.309182926 -212.978134846
    0.226198769   44.249798293 -402.746713052
    0.229718308   42.369821082 -678.999164453
    0.233237846   39.387417236 -1023.230311724
    0.236757385   35.147674844 -1381.716073261
    0.240276923   29.737279515 -1674.289895255
    0.243796462   23.533319251 -1820.786988423
    0.247316000   17.150503798 -1771.846087032
    0.250835538   11.285036836 -1532.208761697
    0.254355077    6.518631223 -1161.172516373
    0.257874615    3.155190267 -751.522609630
    0.261394154    1.164514987 -393.973725152
    0.264913692    0.250964717 -145.158467351
    0.268433231    0.000000000  -15.507374591
    0.271952769    0.032854310   23.225731104
    0.275472308    0.113137266   20.109101563
    0.278991846    0.181518959   23.960879566
    0.282511385    0.325859639   65.048778287
    0.286030923    0.685568038  142.712023351
    0.289550462    1.342400268  227.306301404
    0.293070000    2.253830904  281.195431672
    0.296589538    3.270620979  286.449332142
    0.300109077    4.230074079  252.584821083
    0.303628615    5.041622400  208.198619691
    0.307148154    5.721539252  180.550072270
    0.310667692    6.358303113  185.247349692
    0.314187231    7.065286008  218.585302810
    0.317706769    7.910778111  258.205381423
    0.321226308    8.861943272  274.658175733
    0.324745846    9.793654292  244.010269611
    0.328265385   10.539671581  173.924194290
    0.331784923   11.014329219   96.556095750
    0.335304462   11.264639443   52.859309155
    0.338824000   11.452361761   60.276333394
    0.342343538   11.735821317  101.216726383
    0.345863077   12.161891427  134.776669966
    0.349382615   12.637488524  125.458208153
    0.352902154   12.994431639   69.831005939
    0.356421692   13.113442528   -2.562185054
    0.359941231   13.008003379  -51.669860462
    0.363460769   12.812555384  -52.699009315
    0.366980308   12.688304256  -14.642133477
    0.370499846   12.719582607   30.152038245
    0.374019385   12.872110870   48.416237282
    0.377538923   13.021968010   30.151039987
    0.381058462   13.056023595  -14.665545414
    0.384578000   12.922283547  -61.258527605
    0.388097538   12.647418704  -92.408212426
    0.391617077   12.293322133 -108.100087896
    0.395136615   11.895456585 -118.873818733
    0.398656154   11.452823502 -133.940003233
    0.402175692   10.954504983 -149.914390097
    0.405695231   10.411430955 -158.782054272
    0.409214769    9.855773267 -156.273168189
    0.412734308    9.320277929 -148.245319919
    0.416253846    8.816318402 -140.333269920
    0.419773385    8.338804532 -132.506600393
    0.423292923    7.889981959 -122.379604690
    0.426812462    7.481532412 -110.714782837
    0.430332000    7.119193338  -96.942533514
    0.433851538    6.807005973  -81.092291797
    0.437371077    6.549845617  -65.512878149
    0.440890615    6.341753289  -55.962225688
    0.444410154    6.145910575  -58.787096733
    0.447929692    5.914615721  -76.704534670
    0.451449231    5.605745738 -100.093894296
    0.454968769    5.223855775 -115.313852246
    0.458488308    4.817420531 -113.320723279
    0.462007846    4.446340496  -97.647834907
    0.465527385    4.142291029  -77.053931035
    0.469046923    3.904661188  -59.852450610
    0.472566462    3.717532186  -47.981385624
    0.476086000    3.563668183  -41.547710627
    0.479605538    3.422003670  -41.530042175
    0.483125077    3.268272737  -48.388402717
    0.486644615    3.086970457  -56.052876623
    0.490164154    2.892826948  -52.792315396
    0.493683692    2.738986560  -33.410110071
    0.497203231    2.674467145   -4.581673942
    0.500722769    2.703215050   16.099908364
    0.504242308    2.769066657   16.949780975
    0.507761846    2.806194076    1.042301538
    0.511281385    2.785196645  -11.590058196
    0.514800923    2.751121459   -6.248412021
    0.518320462    2.766247757   13.761017568
    0.521840000    2.850127330   30.468097927
    0.525359538    2.959111617   26.069814399
    0.528879077    3.018023776    4.222119300
    0.532398615    2.998132708  -15.411074785
    0.535918154    2.942885939  -12.518565893
    0.539437692    2.945561239   15.627194066
    0.542957231    3.070190366   52.446517933
    0.546476769    3.298268762   71.222158151
    0.549996308    3.531408327   53.816331425
    0.553515846    3.646034021    7.266825041
    0.557035385    3.588823700  -38.759476056
    0.560554923    3.419427389  -52.106967451
    0.564074462    3.276372473  -24.339841185
    0.567594000    3.277773442   24.428313778
    0.571113538    3.442652455   63.902228373
    0.574633077    3.697185726   73.511998935
    0.578152615    3.934013540   56.025238131
    0.581672154    4.085939975   28.736173181
    0.585191692    4.150593824    7.539780128
    0.588711231    4.165209770    2.333493825
    0.592230769    4.187108204   10.457956459
    0.595750308    4.254060435   27.963355473
    0.599269846    4.392559968   49.250055363
    0.602789385    4.611284261   74.019167345
    0.606308923    4.922981898  102.354652325
    0.609828462    5.338739025  132.146919199
    0.613348000    5.853091523  156.848292897
    0.616867538    6.429916099  166.078352675
    0.620387077    7.003579998  155.081999680
    0.623906615    7.513254528  131.869912038
    0.627426154    7.946304783  115.753223974
    0.630945692    8.367165576  128.575372529
    0.634465231    8.900828432  179.511520848
    0.637984769    9.672092487  259.969996305
    0.641504308   10.740713604  343.539704733
    0.645023846   12.062819363  400.417075844
    0.648543385   13.514303121  415.483444999
    0.652062923   14.958788804  400.277561440
    0.655582462   16.335627788  382.475045197
    0.659102000   17.685697379  387.513028461
    0.662621538   19.104368421  421.350620630
    0.666141077   20.670013824  466.643040519
    0.669660615   22.385533023  504.599404933
    0.673180154   24.212963501  530.885770016
    0.676699692   26.135663627  563.209409350
    0.680219231   28.213834379  621.646166100
    0.683738769   30.549274661  706.316010824
    0.687258308   33.187897764  787.378925255
    0.690777846   36.036261246  817.887022879
    0.694297385   38.851946617  766.602321653
    0.697816923   41.343307516  637.384588552
    0.701336462   43.294698061  466.382409346
    0.704856000   44.638806552  300.208382318
    0.708375538   45.454088424  169.664588115
    0.711895077   45.889106858   84.184722546
    0.715414615   46.094484957   36.213148646
    0.718934154   46.177828952   13.955752350
    0.722453692   46.209060184    4.416968981
    0.725973231   46.219267325    0.916662085
    0.729492769   46.221715746   -0.000000000
    0.733012308   46.221715746   -0.000000000
    0.736531846   46.221715746   -0.000000000
    0.740051385   46.221715746   -0.000000000
    0.743570923   46.221715746   -0.000000000
    0.747090462   46.221715746   -0.000000000
    0.750610000   46.221715746   -0.000000000
