#! FIELDS dist file.free der_dist
#! SET min_dist 0.201562
#! SET max_dist 0.75061
#! SET nbins_dist  157
#! SET periodic_dist false
    0.201562000   35.283678684   -0.000000000
    0.205081538   35.282929247   -0.299003928
    0.208601077   35.280027649   -1.356387885
    0.212120615   35.269691526   -4.806477039
    0.215640154   35.237515549  -14.524145651
    0.219159692   35.149455081  -38.270352069
    0.222679231   34.935152307  -89.107829993
    0.226198769   34.467633908 -185.332531626
    0.229718308   33.554362042 -344.996997765
    0.233237846   31.953489431 -575.863123671
    0.236757385   29.432687908 -862.647925670
    0.240276923   25.868549119 -1158.528188987
    0.243796462   21.350457046 -1391.324318741
    0.247316000   16.237259274 -1485.796671524
    0.250835538   11.106142918 -1398.123614393
    0.254355077    6.595827117 -1140.530099398
    0.257874615    3.196505432 -781.921853277
    0.261394154    1.095210968 -418.986687943
    0.264913692    0.151603012 -135.105828896
    0.268433231    0.000000000   28.430303730
    0.271952769    0.217251196   79.511707955
    0.275472308    0.479588453   63.518484937
    0.278991846    0.654375129   39.677159892
    0.282511385    0.803662781   53.994844911
    0.286030923    1.092048553  116.084154758
    0.289550462    1.647087107  198.627379802
    0.293070000    2.466381035  258.703526909
    0.296589538    3.418342991  272.622927673
    0.300109077    4.343896518  247.325273416
    0.303628615    5.151606537  211.579526064
    0.307148154    5.857221860  191.658451791
    0.310667692    6.539299068  198.891469708
    0.314187231    7.284464494  225.365759352
    0.317706769    8.127233985  249.488828658
    0.321226308    9.018034526  250.614916559
    0.324745846    9.855397897  217.963262941
    0.328265385   10.537062200  167.386352052
    0.331784923   11.049445477  126.565495766
    0.335304462   11.473005210  119.944532283
    0.338824000   11.936120053  145.920085229
    0.342343538   12.512706066  178.073194245
    0.345863077   13.161972375  183.085221976
    0.349382615   13.751192163  143.358475933
    0.352902154   14.136705836   71.899557946
    0.356421692   14.264113994    3.392819313
    0.359941231   14.208301384  -27.548373982
    0.363460769   14.133278393   -8.539342982
    0.366980308   14.186461323   40.020658784
    0.370499846   14.404751285   78.979464069
    0.374019385   14.692933383   74.580403852
    0.377538923   14.876663322   22.220516872
    0.381058462   14.818325920  -58.180484050
    0.384578000   14.476556331 -133.833533593
    0.388097538   13.911287832 -182.368313954
    0.391617077   13.229288772 -201.487532401
    0.395136615   12.519318373 -199.576696264
    0.398656154   11.840886894 -183.909960112
    0.402175692   11.243355485 -153.765153855
    0.405695231   10.776659554 -111.293829273
    0.409214769   10.467431421  -66.027305799
    0.412734308   10.296255647  -35.179890162
    0.416253846   10.192773789  -29.202186893
    0.419773385   10.066801958  -46.518976153
    0.423292923    9.848573381  -79.280949115
    0.426812462    9.500785673 -119.571842251
    0.430332000    9.016706005 -155.187710878
    0.433851538    8.435082996 -171.125671747
    0.437371077    7.847517625 -157.366092016
    0.440890615    7.360750630 -117.369968665
    0.444410154    7.033102978  -70.672416666
    0.447929692    6.844893352  -42.468401193
    0.451449231    6.704079915  -43.361130252
    0.454968769    6.516702692  -65.561799789
    0.458488308    6.241485781  -89.899845801
    0.462007846    5.902620714 -100.611483309
    0.465527385    5.562518122  -91.000752532
    0.469046923    5.285609178  -65.039262770
    0.472566462    5.112733441  -33.276667760
    0.476086000    5.043235307   -9.215386218
    0.479605538    5.031167653   -1.916098530
    0.483125077    5.015002520  -10.507391047
    0.486644615    4.959856866  -21.421690532
    0.490164154    4.888187452  -16.474769672
    0.493683692    4.871223766    8.818722727
    0.497203231    4.960343599   39.422779959
    0.500722769    5.127559471   48.713467868
    0.504242308    5.262861804   21.638504258
    0.507761846    5.251215077  -31.627638956
    0.511281385    5.052507978  -77.657713660
    0.514800923    4.749654219  -89.111722761
    0.518320462    4.474038089  -64.644358266
    0.521840000    4.313023801  -28.232719028
    0.525359538    4.257172002   -8.872502942
    0.528879077    4.225831536  -13.264428128
    0.532398615    4.158302947  -26.527849946
    0.535918154    4.059410347  -27.199574019
    0.539437692    3.994186980   -8.392642461
    0.542957231    4.014650220   17.992174146
    0.546476769    4.107650405   30.322064742
    0.549996308    4.195953334   14.620584179
    0.553515846    4.188248511  -21.188858996
    0.557035385    4.059192879  -50.168709904
    0.560554923    3.882012802  -44.988340589
    0.564074462    3.792250252   -1.432321145
    0.567594000    3.895047820   58.699767196
    0.571113538    4.192296835  104.490948226
    0.574633077    4.591828185  114.827428954
    0.578152615    4.966517213   92.746787953
    0.581672154    5.234780407   58.527142678
    0.585191692    5.394351169   32.798457388
    0.588711231    5.495820460   27.700914423
    0.592230769    5.609431955   37.215337418
    0.595750308    5.764078653   49.430646538
    0.599269846    5.947642692   50.875546105
    0.602789385    6.112371763   39.770266486
    0.606308923    6.226747280   24.860141278
    0.609828462    6.302538569   19.581255584
    0.613348000    6.391076236   32.724678381
    0.616867538    6.554792913   60.737035816
    0.620387077    6.830015862   94.772821710
    0.623906615    7.227494876  129.797959248
    0.627426154    7.754425605  169.944972482
    0.630945692    8.443325773  223.601797986
    0.634465231    9.347214614  290.558394692
    0.637984769   10.495057439  358.687488003
    0.641504308   11.853734962  407.390190060
    0.645023846   13.324705112  421.629106902
    0.648543385   14.789885878  406.204296004
    0.652062923   16.185980253  387.901124879
    0.655582462   17.560508932  398.906937227
    0.659102000   19.053414461  454.925538082
    0.662621538   20.807758086  544.029354894
    0.666141077   22.882018086  629.512730365
    0.669660615   25.194363320  674.233850313
    0.673180154   27.558583530  656.841748673
    0.676699692   29.753176245  580.873746155
    0.680219231   31.604249918  465.927435208
    0.683738769   33.022252813  338.735752320
    0.687258308   34.006248525  223.180114539
    0.690777846   34.625058650  132.463508590
    0.694297385   34.975316561   70.627821174
    0.697816923   35.153807069   33.462341974
    0.701336462   35.235599741   13.707733694
    0.704856000   35.267271670    5.198258656
    0.708375538   35.278941822    1.637145668
    0.711895077   35.282665702    0.377606910
    0.715414615   35.283678684   -0.000000000
    0.718934154   35.283678684   -0.000000000
    0.722453692   35.283678684   -0.000000000
    0.725973231   35.283678684   -0.000000000
    0.729492769   35.283678684   -0.000000000
    0.733012308   35.283678684   -0.000000000
    0.736531846   35.283678684   -0.000000000
    0.740051385   35.283678684   -0.000000000
    0.743570923   35.283678684   -0.000000000
    0.747090462   35.283678684   -0.000000000
    0.750610000   35.283678684   -0.000000000
