#! FIELDS dist file.free der_dist
#! SET min_dist 0.201562
#! SET max_dist 0.75061
#! SET nbins_dist  157
#! SET periodic_dist false
    0.201562000   31.440277709   -0.000000000
    0.205081538   31.439819691   -0.182582850
    0.208601077   31.438119556   -0.799536446
    0.212120615   31.431785746   -2.927086132
    0.215640154   31.411774399   -9.036272825
    0.219159692   31.356157800  -24.288564110
    0.222679231   31.218293754  -57.800321215
    0.226198769   30.910472073 -123.387303026
    0.229718308   30.292150494 -236.819026135
    0.233237846   29.172386834 -409.409047512
    0.236757385   27.342592568 -637.909755162
    0.240276923   24.647233771 -894.529149198
    0.243796462   21.073496998 -1126.353065599
    0.247316000   16.824180922 -1267.915910841
    0.250835538   12.314014693 -1268.542796310
    0.254355077    8.073427295 -1117.336945801
    0.257874615    4.582690341 -852.574056461
    0.261394154    2.120110076 -546.157230671
    0.264913692    0.697430457 -272.802229810
    0.268433231    0.099512323  -82.871422309
    0.271952769    0.000000000   11.811918900
    0.275472308    0.099787741   37.120776483
    0.278991846    0.235154842   41.013162124
    0.282511385    0.415993980   68.486109725
    0.286030923    0.764546018  135.126422330
    0.289550462    1.390770800  220.559284172
    0.293070000    2.295796138  286.204860219
    0.296589538    3.357782388  308.320677647
    0.300109077    4.422024883  290.280774081
    0.303628615    5.387001934  256.885724164
    0.307148154    6.245851508  232.370938217
    0.310667692    7.054031572  229.192235358
    0.314187231    7.884693356  244.006576806
    0.317706769    8.777023839  260.093611353
    0.321226308    9.698558708  258.362453312
    0.324745846   10.562502602  225.497916520
    0.328265385   11.267803417  172.773555030
    0.331784923   11.787962505  124.749901293
    0.335304462   12.184162133  105.462935711
    0.338824000   12.567646632  115.029140183
    0.342343538   13.004432920  129.908829045
    0.345863077   13.460756880  123.260373653
    0.349382615   13.837244912   85.245498503
    0.352902154   14.046446277   32.794558057
    0.356421692   14.087869573   -5.332777907
    0.359941231   14.052369800   -9.205683375
    0.363460769   14.064677734   19.027231950
    0.366980308   14.198307748   55.172442568
    0.370499846   14.427290704   69.076179390
    0.374019385   14.637925298   42.612051446
    0.377538923   14.690389907  -17.218371799
    0.381058462   14.507816742  -86.396575481
    0.384578000   14.108770876 -136.084334478
    0.388097538   13.589135635 -154.214269832
    0.391617077   13.049230801 -151.208806000
    0.395136615   12.526779787 -147.386020414
    0.398656154   11.998843286 -154.408011847
    0.402175692   11.436975890 -164.632298679
    0.405695231   10.855742475 -163.788754036
    0.409214769   10.307831302 -145.533047226
    0.412734308    9.841705518 -119.477032371
    0.416253846    9.461437377  -99.823067316
    0.419773385    9.126299923  -93.727766130
    0.423292923    8.786873621 -100.819516430
    0.426812462    8.407407656 -116.161425948
    0.430332000    7.975399966 -129.575162490
    0.433851538    7.514787983 -129.275026314
    0.437371077    7.088716008 -109.335648055
    0.440890615    6.764117431  -74.704402599
    0.444410154    6.562267428  -42.723982962
    0.447929692    6.439633596  -33.321454854
    0.451449231    6.299227077  -51.468279084
    0.454968769    6.060572794  -85.412371047
    0.458488308    5.706286515 -113.536795979
    0.462007846    5.289121161 -120.279002350
    0.465527385    4.894086825 -101.992678201
    0.469046923    4.593790123  -67.829740241
    0.472566462    4.419290298  -32.393118461
    0.476086000    4.350540138  -10.406015414
    0.479605538    4.323964068   -9.152804807
    0.483125077    4.270159740  -24.232443681
    0.486644615    4.159198474  -38.311294939
    0.490164154    4.030167000  -31.146217973
    0.493683692    3.972981180    1.284615001
    0.497203231    4.048832817   39.179989444
    0.500722769    4.219172826   49.364826741
    0.504242308    4.344124298   13.560071360
    0.507761846    4.278639815  -54.261220563
    0.511281385    3.977890055 -111.604374712
    0.514800923    3.552349804 -122.151356893
    0.518320462    3.183962567  -81.929628556
    0.521840000    3.006357771  -19.258812019
    0.525359538    3.032370442   28.369366090
    0.528879077    3.173358211   46.020566349
    0.532398615    3.336733260   43.463049050
    0.535918154    3.484730156   41.188685017
    0.539437692    3.641548035   47.884185025
    0.542957231    3.827806930   55.164089405
    0.546476769    4.012365732   45.230720578
    0.549996308    4.113939109    7.749398278
    0.553515846    4.048651035  -46.234642642
    0.557035385    3.807226596  -88.032466431
    0.560554923    3.482893598  -89.677778855
    0.564074462    3.232840166  -46.676492792
    0.567594000    3.185687568   20.061392907
    0.571113538    3.369774454   80.160073763
    0.574633077    3.718450665  111.297567164
    0.578152615    4.121995099  112.786764421
    0.581672154    4.499636826  100.174661051
    0.585191692    4.834664645   89.763066780
    0.588711231    5.150074102   90.563379203
    0.592230769    5.477817654   94.116609549
    0.595750308    5.801395061   86.238900835
    0.599269846    6.059137808   54.457757120
    0.602789385    6.165225944    2.355862766
    0.606308923    6.076439792  -51.953388696
    0.609828462    5.828046328  -84.915425351
    0.613348000    5.526203090  -81.279210160
    0.616867538    5.301339256  -42.883834049
    0.620387077    5.254905301   17.935914360
    0.623906615    5.444037556   89.294937426
    0.627426154    5.894609199  166.632101841
    0.630945692    6.626935907  249.768217087
    0.634465231    7.654973324  332.441317711
    0.637984769    8.954540053  400.914324435
    0.641504308   10.444848947  439.116814269
    0.645023846   12.003616071  440.290747797
    0.648543385   13.517522924  416.559831980
    0.652062923   14.944521583  395.977056622
    0.655582462   16.346118336  405.914202634
    0.659102000   17.854087750  455.155046364
    0.662621538   19.583209139  527.817657979
    0.666141077   21.558459897  588.422922636
    0.669660615   23.675934338  604.817878777
    0.673180154   25.749025931  561.898033919
    0.676699692   27.577514420  469.786501939
    0.680219231   29.028735257  352.403480317
    0.683738769   30.063389518  236.782221411
    0.687258308   30.724068263  142.677089588
    0.690777846   31.103054584   76.669753007
    0.694297385   31.296885431   36.801302365
    0.697816923   31.385903870   15.542328849
    0.701336462   31.422783860    5.453350378
    0.704856000   31.434774320    1.901254813
    0.708375538   31.439076622    0.443566008
    0.711895077   31.440277709   -0.000000000
    0.715414615   31.440277709   -0.000000000
    0.718934154   31.440277709   -0.000000000
    0.722453692   31.440277709   -0.000000000
    0.725973231   31.440277709   -0.000000000
    0.729492769   31.440277709   -0.000000000
    0.733012308   31.440277709   -0.000000000
    0.736531846   31.440277709   -0.000000000
    0.740051385   31.440277709   -0.000000000
    0.743570923   31.440277709   -0.000000000
    0.747090462   31.440277709   -0.000000000
    0.750610000   31.440277709   -0.000000000
