#! FIELDS dist file.free der_dist
#! SET min_dist 0.201562
#! SET max_dist 0.75061
#! SET nbins_dist  157
#! SET periodic_dist false
    0.201562000   53.411007905   -0.635542558
    0.205081538   53.404400645   -3.035392347
    0.208601077   53.382284890  -10.310753763
    0.212120615   53.315662284  -30.018545353
    0.215640154   53.137286941  -76.876531791
    0.219159692   52.713221225 -174.200193289
    0.222679231   51.816690062 -350.213452247
    0.226198769   50.127445966 -626.509552902
    0.229718308   47.290897770 -998.215603806
    0.233237846   43.040336690 -1418.450206486
    0.236757385   37.348898985 -1800.056441824
    0.240276923   30.533471699 -2041.397379132
    0.243796462   23.231616794 -2068.301988602
    0.247316000   16.243244127 -1867.016304360
    0.250835538   10.292443933 -1492.400317636
    0.254355077    5.822150699 -1044.349027668
    0.257874615    2.900484110 -628.303568855
    0.261394154    1.272411070 -317.177950041
    0.264913692    0.516098281 -132.333536191
    0.268433231    0.217367936  -50.700149902
    0.271952769    0.089533831  -27.077823038
    0.275472308    0.011236939  -15.877014769
    0.278991846    0.000000000   14.899241326
    0.282511385    0.155538338   78.067894495
    0.286030923    0.581663384  164.701989537
    0.289550462    1.316077256  247.922399581
    0.293070000    2.294224904  298.457653404
    0.296589538    3.371102415  303.826711309
    0.300109077    4.395052130  271.390332871
    0.303628615    5.267895653  222.533857338
    0.307148154    5.973361308  178.361647562
    0.310667692    6.556760781  155.517928188
    0.314187231    7.105624698  158.786995371
    0.317706769    7.701131023  178.363557856
    0.321226308    8.365634443  195.241460682
    0.324745846    9.053814073  188.424345358
    0.328265385    9.673078810  159.144958530
    0.331784923   10.175128353  126.020469262
    0.335304462   10.592974300  115.452035071
    0.338824000   11.030371849  135.473415572
    0.342343538   11.568812830  167.349452325
    0.345863077   12.187703111  176.223412218
    0.349382615   12.756441032  136.640081522
    0.352902154   13.105037731   55.175562411
    0.356421692   13.142352132  -32.588207097
    0.359941231   12.921296344  -85.906386015
    0.363460769   12.609722315  -83.902118996
    0.366980308   12.385624107  -40.408971058
    0.370499846   12.336535763    9.781372462
    0.374019385   12.428321487   34.160465601
    0.377538923   12.541208070   23.399802376
    0.381058462   12.565710731  -13.766119397
    0.384578000   12.445777419  -55.165739061
    0.388097538   12.196399625  -84.798817243
    0.391617077   11.868819277 -100.783379114
    0.395136615   11.498639936 -110.098944691
    0.398656154   11.095934017 -119.653878630
    0.402175692   10.662343568 -127.600493937
    0.405695231   10.210314021 -130.403030030
    0.409214769    9.756933188 -127.841483923
    0.412734308    9.311950548 -126.449536156
    0.416253846    8.867920036 -128.505835717
    0.419773385    8.416312234 -129.586957621
    0.423292923    7.968127715 -124.397746665
    0.426812462    7.549037643 -114.768048309
    0.430332000    7.170962364 -102.090846233
    0.433851538    6.838584206  -87.747839873
    0.437371077    6.556789251  -72.727865684
    0.440890615    6.327617013  -60.305015277
    0.444410154    6.129263426  -55.330754976
    0.447929692    5.930264808  -61.561986951
    0.451449231    5.697598072  -72.303851923
    0.454968769    5.433385445  -77.019108520
    0.458488308    5.173696293  -69.437217561
    0.462007846    4.957757566  -54.729651368
    0.465527385    4.793220414  -42.034098353
    0.469046923    4.658151623  -37.392744668
    0.472566462    4.527736086  -37.928642716
    0.476086000    4.395107790  -38.524038253
    0.479605538    4.263813521  -37.643814325
    0.483125077    4.134130392  -38.551616075
    0.486644615    3.997100014  -41.799895171
    0.490164154    3.850431536  -42.007948501
    0.493683692    3.715129011  -35.209175499
    0.497203231    3.614698350  -23.589711504
    0.500722769    3.550056555  -17.027538814
    0.504242308    3.488121734  -20.965694224
    0.507761846    3.400004822  -30.835430824
    0.511281385    3.288560710  -30.626075823
    0.514800923    3.211362909  -12.351905703
    0.518320462    3.220814720   15.304683123
    0.521840000    3.315031487   33.757403447
    0.525359538    3.434839349   28.649984894
    0.528879077    3.503860213    7.633892539
    0.532398615    3.500747308   -9.407118429
    0.535918154    3.469066839   -6.066952662
    0.539437692    3.486621907   16.252705435
    0.542957231    3.595077170   42.011483540
    0.546476769    3.768531010   51.342966599
    0.549996308    3.928848319   34.208040648
    0.553515846    3.993384650   -0.190889091
    0.557035385    3.942141325  -28.014168861
    0.560554923    3.838380499  -27.147864039
    0.564074462    3.792432039    3.720042513
    0.567594000    3.881895617   44.726723359
    0.571113538    4.096796675   71.545180055
    0.574633077    4.358039767   70.019726244
    0.578152615    4.569656935   45.623483504
    0.581672154    4.677497529   14.036801038
    0.585191692    4.682684356  -11.859804504
    0.588711231    4.619063483  -22.895684536
    0.592230769    4.544204040  -18.901843640
    0.595750308    4.509790764    0.786049580
    0.599269846    4.569357963   32.524417469
    0.602789385    4.756165025   72.775876360
    0.606308923    5.088526622  114.089783844
    0.609828462    5.555412076  147.233773810
    0.613348000    6.111133850  163.222325000
    0.616867538    6.682878827  156.018382307
    0.620387077    7.192812551  129.640472565
    0.623906615    7.598863944  100.081807907
    0.627426154    7.925228184   88.249769576
    0.630945692    8.265810104  110.316656138
    0.634465231    8.748052076  167.219277835
    0.637984769    9.476399466  246.568687483
    0.641504308   10.491170338  326.341904009
    0.645023846   11.754483842  385.629584498
    0.648543385   13.175755929  414.983143923
    0.652062923   14.658758059  423.490316013
    0.655582462   16.163491447  431.388353634
    0.659102000   17.724261995  457.105337285
    0.662621538   19.414184228  504.442419026
    0.666141077   21.285615470  555.521509773
    0.669660615   23.311221309  589.669911291
    0.673180154   25.412519203  598.660275639
    0.676699692   27.523409917  600.170688816
    0.680219231   29.668055326  622.627196515
    0.683738769   31.957198829  682.058599759
    0.687258308   34.505280535  765.397048803
    0.690777846   37.332197066  832.848493915
    0.694297385   40.306711778  844.218238438
    0.697816923   43.190644596  780.765359496
    0.701336462   45.734456383  654.263544686
    0.704856000   47.769858073  499.366491695
    0.708375538   49.265569525  353.635999496
    0.711895077   50.307186356  244.709065056
    0.715414615   51.044381900  179.340445773
    0.718934154   51.613426764  147.438111328
    0.722453692   52.099427959  128.492684829
    0.725973231   52.519862724  108.338892796
    0.729492769   52.859562785   82.867018755
    0.733012308   53.104066848   56.051204491
    0.736531846   53.259372555   32.906288967
    0.740051385   53.345323848   16.688914453
    0.743570923   53.386195883    7.484323751
    0.747090462   53.403456480    2.919567182
    0.750610000   53.409816020    0.993909830
