#! FIELDS dist file.free der_dist
#! SET min_dist 0.201562
#! SET max_dist 0.75061
#! SET nbins_dist  157
#! SET periodic_dist false
    0.201562000   56.839125982   -0.843684220
    0.205081538   56.830798273   -3.825119036
    0.208601077   56.803516900  -12.658596166
    0.212120615   56.722924379  -36.091450947
    0.215640154   56.510926047  -90.757324746
    0.219159692   56.015190472 -202.248389012
    0.222679231   54.983510600 -400.254302448
    0.226198769   53.069092236 -705.190469134
    0.229718308   49.902026296 -1106.849765250
    0.233237846   45.226145474 -1549.348350555
    0.236757385   39.058478710 -1936.376289611
    0.240276923   31.784401917 -2162.288800220
    0.243796462   24.109456239 -2157.515119037
    0.247316000   16.871301067 -1920.146326485
    0.250835538   10.785960008 -1517.935671928
    0.254355077    6.251906003 -1057.678508207
    0.257874615    3.283990549 -642.921496898
    0.261394154    1.592431873 -338.780288865
    0.264913692    0.750278924 -158.594226441
    0.268433231    0.359897564  -75.395155759
    0.271952769    0.156129234  -44.855064819
    0.275472308    0.030536746  -24.985021444
    0.278991846    0.000000000   12.239011880
    0.282511385    0.150955304   77.135133717
    0.286030923    0.568699626  159.752455131
    0.289550462    1.272436704  234.858928958
    0.293070000    2.188768896  276.580893550
    0.296589538    3.177971123  276.798908870
    0.300109077    4.108073140  246.258862299
    0.303628615    4.907823579  207.277681450
    0.307148154    5.586193529  178.753372787
    0.310667692    6.201728492  173.155706257
    0.314187231    6.839461581  190.702147227
    0.317706769    7.563839028  218.407238430
    0.321226308    8.373037275  236.106771152
    0.324745846    9.197241089  223.777461393
    0.328265385    9.924075886  184.140967419
    0.331784923   10.490570991  136.999833203
    0.335304462   10.919066878  110.215780046
    0.338824000   11.310098333  114.717329837
    0.342343538   11.755481600  136.388340950
    0.345863077   12.261881356  145.020247335
    0.349382615   12.737857218  116.785121394
    0.352902154   13.050070027   55.094258256
    0.356421692   13.125130496  -11.781570366
    0.359941231   13.005253637  -51.013620252
    0.363460769   12.824307017  -46.691169127
    0.366980308   12.719053240  -11.605524433
    0.370499846   12.748916839   25.630924590
    0.374019385   12.877091151   39.778339833
    0.377538923   13.001355367   25.233990460
    0.381058462   13.032849404  -11.384348470
    0.384578000   12.921780351  -53.275312184
    0.388097538   12.671574983  -88.141399245
    0.391617077   12.317353912 -112.954527571
    0.395136615   11.890609617 -129.478979247
    0.398656154   11.416869506 -139.393650733
    0.402175692   10.925539474 -139.565950517
    0.405695231   10.453471819 -129.462054353
    0.409214769   10.027283063 -113.753873631
    0.412734308    9.650295883 -102.715246022
    0.416253846    9.299794442 -100.084163312
    0.419773385    8.949786429 -101.159964064
    0.423292923    8.595383549 -100.392817275
    0.426812462    8.246596068  -99.635312483
    0.430332000    7.900352966  -99.719686214
    0.433851538    7.551081284  -99.721551038
    0.437371077    7.205231169  -96.515656292
    0.440890615    6.881583447  -88.905170816
    0.444410154    6.587539536  -79.830920912
    0.447929692    6.320979160  -74.688567008
    0.451449231    6.066745796  -71.579986089
    0.454968769    5.826331468  -65.100973361
    0.458488308    5.620319447  -51.994923211
    0.462007846    5.467250899  -37.325924310
    0.465527385    5.358908758  -27.849778507
    0.469046923    5.267378311  -26.779457302
    0.472566462    5.170396038  -29.254869666
    0.476086000    5.067678227  -30.093100690
    0.479605538    4.966637073  -29.030398850
    0.483125077    4.865871093  -31.218221359
    0.486644615    4.749077615  -38.232874098
    0.490164154    4.605430749  -44.181884095
    0.493683692    4.451879880  -43.382232567
    0.497203231    4.314661418  -36.016522736
    0.500722769    4.202767767  -31.116310865
    0.504242308    4.091039627  -35.162751898
    0.507761846    3.952624546  -45.516342705
    0.511281385    3.786498273  -47.257534801
    0.514800923    3.646702392  -31.192953681
    0.518320462    3.589955414   -2.831447365
    0.521840000    3.628901989   21.221698691
    0.525359538    3.720074108   25.052942534
    0.528879077    3.790928565   11.440685248
    0.532398615    3.805451673   -4.582870590
    0.535918154    3.781598251   -7.544258762
    0.539437692    3.777226819    5.159170832
    0.542957231    3.833531440   24.394744251
    0.546476769    3.944777540   34.982539367
    0.549996308    4.061979415   27.034912461
    0.553515846    4.124119045    5.697448193
    0.557035385    4.114572519  -11.039558753
    0.560554923    4.081246586   -5.425501169
    0.564074462    4.109637563   23.051567763
    0.567594000    4.256144014   57.273301791
    0.571113538    4.502711832   77.189117144
    0.574633077    4.776076774   71.878196202
    0.578152615    4.993349895   47.424515666
    0.581672154    5.110433398   17.437149053
    0.585191692    5.128840266   -8.370419809
    0.588711231    5.072553883  -23.026878580
    0.592230769    4.985349378  -26.437947615
    0.595750308    4.909200091  -15.493061826
    0.599269846    4.899422236   10.048752400
    0.602789385    5.004854283   50.134144018
    0.606308923    5.268835643   99.062636887
    0.609828462    5.706679439  146.609186915
    0.613348000    6.291265316  180.340381462
    0.616867538    6.953849035  189.837801086
    0.620387077    7.604946193  174.733681198
    0.623906615    8.177782729  148.155550433
    0.627426154    8.665384651  130.325450869
    0.630945692    9.132761441  139.218231596
    0.634465231    9.688072363  179.565951550
    0.637984769   10.431535619  243.191997865
    0.641504308   11.412420115  311.170980810
    0.645023846   12.609070674  363.597321071
    0.648543385   13.947306638  390.271867903
    0.652062923   15.343882372  399.450457715
    0.655582462   16.769546099  410.736088960
    0.659102000   18.267783518  442.679026062
    0.662621538   19.920820021  498.136840138
    0.666141077   21.785014478  557.329082793
    0.669660615   23.826948821  596.190757482
    0.673180154   25.950736841  603.659817860
    0.676699692   28.065811059  596.241336228
    0.680219231   30.171145590  603.216529902
    0.683738769   32.358437748  643.108492760
    0.687258308   34.735838789  708.069035629
    0.690777846   37.342064766  767.384238254
    0.694297385   40.102616632  792.436192797
    0.697816923   42.871883607  772.331493924
    0.701336462   45.500801458  713.786340464
    0.704856000   47.876841920  631.935809315
    0.708375538   49.941242552  538.798986532
    0.711895077   51.673235064  444.987713692
    0.715414615   53.086079777  357.647481175
    0.718934154   54.208938573  281.637627188
    0.722453692   55.082341069  215.098871945
    0.725973231   55.736590895  156.649158269
    0.729492769   56.199042776  106.193018308
    0.733012308   56.499299031   65.948670635
    0.736531846   56.676941671   36.576695911
    0.740051385   56.770823579   17.843670794
    0.743570923   56.814872494    7.484323751
    0.747090462   56.832133091    2.919567182
    0.750610000   56.838492631    0.993909830
