#! FIELDS dist file.free der_dist
#! SET min_dist 0.201562
#! SET max_dist 0.75061
#! SET nbins_dist  157
#! SET periodic_dist false
    0.201562000   54.133584606   -0.635542558
    0.205081538   54.126931532   -3.054110640
    0.208601077   54.104645102  -10.392220785
    0.212120615   54.037457677  -30.286292525
    0.215640154   53.857383430  -77.642690183
    0.219159692   53.428850188 -176.111358607
    0.222679231   52.522001157 -354.384381752
    0.226198769   50.811884077 -634.463819464
    0.229718308   47.938388389 -1011.456594939
    0.233237846   43.630698934 -1437.660220399
    0.236757385   37.862229744 -1824.311882105
    0.240276923   30.956159881 -2068.099026741
    0.243796462   23.560959550 -2094.097670569
    0.247316000   16.487410331 -1889.323107873
    0.250835538   10.465679034 -1510.415444827
    0.254355077    5.938584977 -1058.791480478
    0.257874615    2.970773958 -640.204924891
    0.261394154    1.304718458 -326.816316316
    0.264913692    0.519235273 -139.127163805
    0.268433231    0.202724971  -53.905237564
    0.271952769    0.070326787  -26.493125653
    0.275472308    0.000000000  -12.062695544
    0.278991846    0.006361885   20.879806538
    0.282511385    0.184804912   84.871793080
    0.286030923    0.634237169  170.830777146
    0.289550462    1.386969677  251.974630950
    0.293070000    2.374130235  299.402215833
    0.296589538    3.448534364  301.547415379
    0.300109077    4.460187982  266.908795565
    0.303628615    5.316279465  217.843815019
    0.307148154    6.008412756  175.829235298
    0.310667692    6.589501710  156.909056302
    0.314187231    7.150960472  164.433280609
    0.317706769    7.772028323  186.858862722
    0.321226308    8.467630239  203.876548925
    0.324745846    9.182371060  194.436637147
    0.328265385    9.815254893  160.666223775
    0.331784923   10.313734937  122.452378826
    0.335304462   10.710712846  107.318041606
    0.338824000   11.113562367  124.275918290
    0.342343538   11.610803271  155.639517107
    0.345863077   12.192387796  167.262030001
    0.349382615   12.738963186  133.347633625
    0.352902154   13.087948526   58.659814631
    0.356421692   13.147673081  -23.867369162
    0.359941231   12.961746758  -75.320130414
    0.363460769   12.685107856  -75.195432117
    0.366980308   12.484603984  -35.945248114
    0.370499846   12.442808014    9.498797938
    0.374019385   12.526479196   30.023426505
    0.377538923   12.619916282   16.662437593
    0.381058462   12.617612453  -22.120127259
    0.384578000   12.466690647  -64.274891809
    0.388097538   12.186070234  -93.141470603
    0.391617077   11.834090576 -105.867676117
    0.395136615   11.455922082 -109.241837057
    0.398656154   11.068976035 -111.549302369
    0.402175692   10.674903531 -113.753061453
    0.405695231   10.275965492 -114.926787771
    0.409214769    9.872506463 -115.767277716
    0.412734308    9.458426441 -121.317132150
    0.416253846    9.019053992 -130.841397911
    0.419773385    8.549509798 -136.861818480
    0.423292923    8.072583395 -132.910157697
    0.426812462    7.625403087 -122.010870759
    0.430332000    7.224229836 -108.253563495
    0.433851538    6.868882867  -95.129402836
    0.437371077    6.555773641  -83.399924896
    0.440890615    6.283427562  -73.854355930
    0.444410154    6.036735528  -68.595524525
    0.447929692    5.797599740  -70.549351558
    0.451449231    5.544228342  -75.029354190
    0.454968769    5.279943428  -74.808582843
    0.458488308    5.031777901  -65.703651103
    0.462007846    4.827351075  -52.209184258
    0.465527385    4.669050019  -40.821354560
    0.469046923    4.539211994  -35.174559395
    0.472566462    4.422544808  -31.993964540
    0.476086000    4.319154180  -27.888639705
    0.479605538    4.231796593  -23.761450369
    0.483125077    4.152343427  -24.477314671
    0.486644615    4.060415342  -30.756980163
    0.490164154    3.943867449  -36.252697245
    0.493683692    3.818193895  -35.571430178
    0.497203231    3.706307554  -29.572354065
    0.500722769    3.612824009  -27.118412254
    0.504242308    3.511227901  -33.058067731
    0.507761846    3.380171092  -42.888981979
    0.511281385    3.228800364  -41.050842320
    0.514800923    3.119385257  -20.127551208
    0.518320462    3.107517645   11.064267731
    0.521840000    3.194031236   33.651617365
    0.525359538    3.320388582   32.264815509
    0.528879077    3.405758383   12.775761710
    0.532398615    3.418054846   -6.510696612
    0.535918154    3.387097653   -9.033751944
    0.539437692    3.381335302    6.004910366
    0.542957231    3.443287719   26.400013439
    0.546476769    3.558576019   34.668475914
    0.549996308    3.664932358   20.772078958
    0.553515846    3.691400535   -8.316202691
    0.557035385    3.620193424  -31.561231589
    0.560554923    3.508678240  -28.415291918
    0.564074462    3.459447277    2.894004256
    0.567594000    3.546508015   44.281292497
    0.571113538    3.762607557   72.934598547
    0.574633077    4.034498347   74.900669765
    0.578152615    4.270332004   54.420260143
    0.581672154    4.414241412   25.333263469
    0.585191692    4.459581705   -0.895821109
    0.588711231    4.429405800  -15.364245879
    0.592230769    4.371856042  -16.846570208
    0.595750308    4.334570532   -2.830808839
    0.599269846    4.373729370   24.940870078
    0.602789385    4.531010913   64.053840449
    0.606308923    4.835246142  107.224810526
    0.609828462    5.284610356  144.386215189
    0.613348000    5.838962961  165.288684062
    0.616867538    6.426828584  163.049031483
    0.620387077    6.969779758  141.269687643
    0.623906615    7.424498940  116.019554861
    0.627426154    7.813768262  107.875599560
    0.630945692    8.227899870  132.086448662
    0.634465231    8.786884469  188.522528605
    0.637984769    9.584808629  264.316445145
    0.641504308   10.652228371  338.225904368
    0.645023846   11.946042267  391.111068409
    0.648543385   13.376938326  415.265871953
    0.652062923   14.855011010  420.701178213
    0.655582462   16.346860558  426.882726067
    0.659102000   17.888190271  450.237185305
    0.662621538   19.545842828  492.417350438
    0.666141077   21.361360288  535.370375989
    0.669660615   23.300799033  561.140650971
    0.673180154   25.292827211  566.187427227
    0.676699692   27.293958117  571.662850094
    0.680219231   29.356062931  605.008743657
    0.683738769   31.605202587  676.486629465
    0.687258308   34.147292412  766.198405979
    0.690777846   36.975913556  831.811280515
    0.694297385   39.937050011  837.716957479
    0.697816923   42.794910576  774.025660318
    0.701336462   45.331158099  658.714072232
    0.704856000   47.417428867  524.815082420
    0.708375538   49.042772960  401.114465991
    0.711895077   50.278399459  305.412194430
    0.715414615   51.232988749  239.977212046
    0.718934154   51.998751116  197.146415582
    0.722453692   52.633166350  162.839665189
    0.725973231   53.148811032  128.638082948
    0.729492769   53.541140739   93.184928321
    0.733012308   53.810750775   60.610196165
    0.736531846   53.976506334   34.659208072
    0.740051385   54.066253646   17.277270544
    0.743570923   54.108772584    7.484323751
    0.747090462   54.126033181    2.919567182
    0.750610000   54.132392721    0.993909830
